0 0.667791 0.390853 0.666567 0.390853 0.664364 0.390611 0.662404 0.388911 0.660446 0.386967 0.657019 0.384295 0.653589 0.383323 0.652122 0.383323 0.650408 0.385509 0.651632 0.390125 0.652122 0.393524 0.651875 0.397410 0.648938 0.403239 0.646488 0.405911 0.642327 0.409555 0.638410 0.412468 0.633022 0.416354 0.630819 0.418298 0.629838 0.420725 0.631552 0.422183 0.634979 0.423155 0.637920 0.424369 0.639143 0.426068 0.640367 0.427526 0.643794 0.427282 0.648204 0.425096 0.650652 0.419997 0.652365 0.416112 0.654079 0.413682 0.657996 0.410524 0.661916 0.406883 0.663874 0.402753 0.665834 0.398382
0 0.460641 0.539242 0.460151 0.537301 0.457457 0.535357 0.453783 0.535115 0.449622 0.537787 0.444725 0.539487 0.437624 0.540214 0.432727 0.542159 0.429786 0.544586 0.427583 0.547502 0.426849 0.551387 0.426606 0.556001 0.426849 0.558917 0.428563 0.563774 0.430276 0.566687 0.432727 0.569845 0.434440 0.570331 0.438358 0.567901 0.440318 0.564502 0.442521 0.562316 0.447909 0.561344 0.454520 0.564016 0.457701 0.564016 0.459417 0.562558 0.458437 0.558917 0.455743 0.555759 0.454273 0.549688 0.456477 0.542159
0 0.435664 0.509370 0.434197 0.506943 0.431993 0.507670 0.431257 0.507915 0.429299 0.514228 0.427339 0.517630 0.425379 0.519815 0.422932 0.521757 0.415341 0.522970 0.412404 0.522487 0.409953 0.522001 0.407750 0.520543 0.405792 0.518116 0.404566 0.516172 0.403589 0.513500 0.402609 0.510100 0.401872 0.508401 0.398935 0.510586 0.398691 0.512042 0.398691 0.513742 0.399181 0.517144 0.400159 0.520301 0.400159 0.521271 0.399425 0.522729 0.397955 0.523215 0.393794 0.522970 0.390364 0.522243 0.387427 0.520785 0.383999 0.518357 0.380816 0.515444 0.378612 0.513258 0.376652 0.512528 0.375185 0.512528 0.372981 0.514228 0.371267 0.514958 0.368327 0.514958 0.366124 0.516172 0.366124 0.518116 0.369307 0.520057 0.371755 0.521757 0.374448 0.523456 0.378368 0.525887 0.381306 0.527345 0.384489 0.529044 0.387917 0.530986 0.391100 0.532199 0.394284 0.533416 0.397955 0.533657 0.401385 0.533657 0.402609 0.533171 0.405792 0.532199 0.408240 0.531472 0.412157 0.530258 0.415831 0.529530 0.419258 0.529286 0.422688 0.529286 0.425869 0.529772 0.428073 0.530744 0.429786 0.530744 0.431013 0.529772 0.431747 0.526614 0.431747 0.523456 0.434197 0.520543 0.434930 0.519329 0.434684 0.514958
0 0.406770 0.573003 0.408973 0.572031 0.411667 0.570087 0.413137 0.569115 0.415097 0.568387 0.417791 0.567901 0.420238 0.567901 0.421952 0.568387 0.423665 0.569359 0.426116 0.571059 0.427829 0.572273 0.429543 0.574458 0.430766 0.576888 0.431747 0.579802 0.431993 0.583446 0.431013 0.587573 0.428809 0.592430 0.427096 0.594860 0.422198 0.597288 0.419015 0.599232 0.415587 0.601417 0.411667 0.604089 0.407506 0.606761 0.405302 0.607974 0.403099 0.608219 0.402609 0.605547 0.403099 0.604089 0.405792 0.601659 0.408486 0.598504 0.410200 0.594616 0.411177 0.592430 0.411423 0.588545 0.409710 0.584659 0.407260 0.582232 0.405546 0.579802
0 0.451336 0.597774 0.444725 0.595588 0.442521 0.595588 0.438604 0.595588 0.433460 0.596802 0.429053 0.598746 0.425379 0.600690 0.421218 0.603361 0.417054 0.606030 0.413627 0.608947 0.412157 0.611374 0.412157 0.615990 0.414607 0.618903 0.418278 0.620603 0.422442 0.620603 0.426849 0.619147 0.431503 0.617689 0.434440 0.615018 0.435910 0.610646 0.437134 0.607247 0.440561 0.604089 0.444479 0.601176
0 0.446439 0.613076 0.445459 0.610405 0.443745 0.606516 0.440808 0.605789 0.436887 0.607002 0.435174 0.611860 0.433707 0.616717 0.433460 0.621333 0.433707 0.625460 0.435910 0.629104 0.439091 0.631290 0.443501 0.632262 0.447419 0.631776 0.452806 0.629832 0.457213 0.627404 0.459417 0.623519 0.459417 0.620117 0.458927 0.616717 0.456723 0.615018 0.452070 0.614290 0.450356 0.614776
0 0.467985 0.595832 0.467742 0.595346 0.464314 0.596318 0.461864 0.598990 0.457701 0.601903 0.452560 0.603845 0.449376 0.606275 0.447909 0.609433 0.449376 0.613074 0.453540 0.615018 0.457213 0.615504 0.459171 0.616231 0.461374 0.616962 0.463824 0.614290 0.463824 0.609919 0.465782 0.607488 0.467252 0.605303 0.467252 0.600931
0 0.499817 0.588059 0.499329 0.584904 0.497613 0.584659 0.494432 0.585873 0.491982 0.588059 0.487821 0.588545 0.481454 0.586359 0.476556 0.587331 0.473129 0.590730 0.470925 0.594616 0.469945 0.599232 0.470435 0.603361 0.472639 0.606761 0.476556 0.607974 0.481207 0.608219 0.485371 0.606761 0.488555 0.604331 0.490758 0.603117 0.492716 0.604089 0.497126 0.606030 0.500063 0.607002 0.503490 0.607488 0.507408 0.606761 0.510101 0.605303 0.512551 0.602145 0.513041 0.598504 0.512551 0.596560 0.509368 0.596318 0.504960 0.596560 0.501287 0.595346 0.500063 0.592916
0 0.488555 0.569845 0.488798 0.565474 0.491492 0.564260 0.492962 0.563044 0.495656 0.561588 0.496636 0.560858 0.496879 0.559403 0.494432 0.558431 0.492716 0.557700 0.490268 0.556001 0.488798 0.554787 0.487331 0.553573 0.484881 0.552359 0.482187 0.552115 0.480230 0.552115 0.477046 0.553573 0.473373 0.556245 0.471903 0.557217 0.470435 0.558431 0.468965 0.559644 0.468475 0.560130 0.467495 0.560616 0.467252 0.560616 0.466028 0.561830 0.465538 0.562558 0.465538 0.564260 0.466518 0.566446 0.467252 0.567415 0.468475 0.567901 0.470435 0.568146 0.471903 0.568146 0.473619 0.568146 0.474353 0.568387 0.475576 0.569359 0.477536 0.571545 0.478516 0.573245 0.479004 0.575675 0.479250 0.577374 0.480474 0.579316 0.482677 0.580288 0.486105 0.580288 0.488555 0.580046 0.491492 0.580046 0.493206 0.579560 0.493206 0.578102 0.490512 0.575430 0.489778 0.574703
0 0.458681 0.563530 0.460394 0.564988 0.463334 0.566446 0.467495 0.568873 0.468965 0.568873 0.471415 0.568632 0.473863 0.569845 0.475823 0.571059 0.478516 0.573245 0.479004 0.575189 0.477780 0.578830 0.474596 0.581015 0.470435 0.583446 0.467495 0.584904 0.466518 0.585145 0.465782 0.585145 0.465292 0.581260 0.465538 0.579074 0.465538 0.577130 0.464802 0.574217 0.462844 0.571787 0.461131 0.570817 0.459171 0.569359 0.457457 0.567660
0 0.556871 0.575675 0.556135 0.574944 0.552464 0.573731 0.550504 0.573245 0.546096 0.573489 0.542423 0.574703 0.538752 0.574944 0.535568 0.575189 0.533118 0.576888 0.531404 0.579074 0.529691 0.581988 0.526507 0.584904 0.524060 0.585387 0.522100 0.586359 0.521856 0.588059 0.522590 0.590975 0.522346 0.592430 0.518672 0.594860 0.516222 0.597046 0.516469 0.600204 0.515979 0.600690 0.514265 0.600690 0.513775 0.603117 0.515245 0.606030 0.517939 0.607247 0.520876 0.608702 0.525773 0.611860 0.527243 0.612590 0.529201 0.612590 0.530181 0.612346 0.530181 0.610405 0.528221 0.608702 0.525527 0.606761 0.525040 0.604089 0.525283 0.602389 0.527243 0.600204 0.532138 0.598990 0.536058 0.598990 0.542423 0.598990 0.545853 0.598260 0.550504 0.597774 0.554911 0.597046 0.556625 0.596560 0.556871 0.595346 0.556871 0.593402 0.558095 0.592916 0.560788 0.592916 0.561768 0.593160 0.564949 0.593888 0.565196 0.593646 0.564949 0.590975 0.564462 0.588303 0.563726 0.585631 0.561522 0.583201 0.558585 0.581988 0.556871 0.580288
0 0.575480 0.574217 0.576458 0.573003 0.575234 0.570331 0.573277 0.569359 0.569847 0.569115 0.566666 0.571059 0.562992 0.573489 0.560052 0.574217 0.558095 0.575189 0.558338 0.578102 0.560298 0.580532 0.564216 0.583932 0.565439 0.586117 0.565929 0.588303 0.567399 0.589275 0.570583 0.588789 0.572787 0.587331 0.574254 0.585631 0.575480 0.581746 0.575480 0.578588
0 0.576704 0.572517 0.585275 0.569845 0.587479 0.568387 0.589682 0.566687 0.594823 0.565715 0.597517 0.566446 0.600701 0.568146 0.604862 0.570331 0.606822 0.572273 0.609759 0.577374 0.610495 0.579802 0.611229 0.583201 0.611719 0.586603 0.611719 0.589031 0.610495 0.590003 0.607555 0.590489 0.600701 0.590489 0.598741 0.590003 0.598251 0.587573 0.598987 0.582718 0.598741 0.578830 0.597271 0.578588 0.591640 0.580046 0.587232 0.582960 0.585519 0.585631 0.584785 0.590003 0.584785 0.591702 0.580131 0.591216 0.577928 0.589275 0.575970 0.586845 0.576458 0.579074
0 0.597027 0.580532 0.596047 0.580288 0.592376 0.581988 0.589436 0.584904 0.587479 0.588545 0.587232 0.592188 0.588946 0.594374 0.592863 0.592916 0.595803 0.589761 0.598007 0.585387
0 0.607802 0.567660 0.609269 0.565960 0.614903 0.562802 0.620044 0.561102 0.624208 0.559886 0.631062 0.560616 0.636449 0.561830 0.638900 0.562802 0.640123 0.565960 0.640613 0.569601 0.640613 0.571787 0.640123 0.575430 0.639877 0.577860 0.639877 0.579802 0.639877 0.581260 0.639877 0.581746 0.639143 0.582474 0.637920 0.584173 0.636940 0.585873 0.634489 0.588303 0.631062 0.590244 0.627391 0.591461 0.622981 0.592188 0.617840 0.590975 0.614903 0.588059 0.613433 0.584173 0.612209 0.580046 0.611229 0.575916 0.608045 0.571545
0 0.635959 0.532444 0.635959 0.530744 0.634736 0.529772 0.630572 0.528800 0.625185 0.528072 0.617840 0.525887 0.613923 0.526373 0.608535 0.531472 0.603884 0.536815 0.601681 0.543131 0.601434 0.548471 0.601924 0.556245 0.602414 0.557217 0.603394 0.557700 0.608045 0.557945 0.614166 0.555759 0.617106 0.553573 0.622247 0.551143 0.627145 0.549688 0.629348 0.547502 0.631309 0.543858 0.632286 0.540945 0.633512 0.535601
0 0.658733 0.503543 0.664854 0.501599 0.672198 0.500627 0.678076 0.499172 0.683463 0.498686 0.688360 0.498928 0.690074 0.501358 0.687627 0.504757 0.683953 0.506943 0.683463 0.512286 0.685423 0.517385 0.685667 0.521515 0.683219 0.522001 0.676852 0.521029 0.664610 0.521271 0.658976 0.523701 0.651385 0.524187 0.649428 0.523456 0.649918 0.519571 0.651875 0.517385 0.653589 0.515444 0.653835 0.511556 0.653099 0.508642
0 0.652365 0.482169 0.652122 0.479984 0.652855 0.475857 0.655549 0.474157 0.660690 0.473671 0.668771 0.476098 0.672445 0.478042 0.677586 0.478528 0.680279 0.478528 0.684687 0.479498 0.686890 0.480956 0.688850 0.483141 0.689830 0.485572 0.687137 0.491643 0.685667 0.494314 0.684197 0.497472 0.681993 0.498441 0.676362 0.498441 0.669995 0.499658 0.665587 0.500872 0.661670 0.501599 0.660690 0.500872 0.662160 0.498686 0.663630 0.496256 0.664364 0.492856 0.664364 0.488485 0.662160 0.485086 0.657996 0.484600 0.655059 0.485327
0 0.704276 0.453997 0.704276 0.450356 0.703052 0.446954 0.700359 0.445254 0.695461 0.447684 0.690318 0.451328 0.686157 0.453755 0.676362 0.452541 0.674892 0.452055 0.671465 0.449139 0.670241 0.446954 0.665834 0.447198 0.663630 0.448170 0.659223 0.450111 0.655059 0.452297 0.651142 0.454483 0.647468 0.457154 0.645754 0.460312 0.644284 0.462984 0.643307 0.462984 0.640123 0.462742 0.635226 0.461770 0.631309 0.462256 0.628858 0.466383 0.628858 0.471241 0.631552 0.475612 0.635226 0.478284 0.638653 0.478770 0.642817 0.483869 0.646488 0.486541 0.647958 0.486541 0.648938 0.486299 0.650895 0.484113 0.652122 0.479498 0.652612 0.475612 0.654815 0.473671 0.659223 0.472699 0.661426 0.472941 0.669017 0.474399 0.675628 0.476098 0.682239 0.476826 0.685667 0.476584 0.687870 0.471971 0.688604 0.467597 0.692524 0.465411 0.696441 0.463470 0.700112 0.460557
0 0.687380 0.420725 0.688114 0.417081 0.687627 0.413926 0.683463 0.411254 0.681013 0.408824 0.680279 0.404939 0.678322 0.402995 0.671465 0.404453 0.667547 0.407611 0.661670 0.410524 0.655549 0.412710 0.653099 0.414654 0.649918 0.420239 0.646001 0.425096 0.641837 0.428982 0.641103 0.431898 0.635469 0.437483 0.632042 0.439669 0.628125 0.441613 0.624941 0.444040 0.622981 0.446712 0.624698 0.450111 0.627145 0.450356 0.629348 0.450111 0.630082 0.451328 0.631309 0.456427 0.633022 0.459826 0.637183 0.462012 0.641347 0.461770 0.643794 0.460312 0.647224 0.456913 0.651875 0.452783 0.657263 0.449139 0.661916 0.447198 0.666567 0.445740 0.668527 0.443799 0.669505 0.437969 0.670241 0.431412 0.672445 0.427526 0.675138 0.425096 0.677096 0.424369 0.681749 0.423883 0.686890 0.425096
0 0.396731 0.537057 0.394528 0.535601 0.389877 0.532685 0.386447 0.530986 0.383019 0.529530 0.379346 0.527828 0.374938 0.524428 0.371755 0.521515 0.367837 0.519085 0.364166 0.518599 0.360003 0.519329 0.357799 0.521029 0.356329 0.524914 0.356329 0.528800 0.356819 0.534388 0.359269 0.539973 0.362206 0.544100 0.366614 0.548471 0.373715 0.551143 0.380326 0.553087 0.383753 0.553815 0.386693 0.551629 0.388160 0.549929 0.390610 0.549202 0.391834 0.549443 0.394284 0.550174 0.395018 0.550415 0.396978 0.550901 0.399425 0.552115 0.400405 0.554301 0.401629 0.557459 0.402609 0.561344 0.403832 0.564016 0.406036 0.565960 0.410933 0.566929 0.415831 0.567173 0.420728 0.565474 0.421952 0.562558 0.422442 0.552846 0.424645 0.549929 0.426849 0.546286 0.428809 0.543131 0.431747 0.540701 0.434684 0.539487 0.439091 0.538029 0.445215 0.536087 0.451336 0.534871 0.457213 0.533657 0.459907 0.532199 0.461864 0.527586 0.460884 0.523215 0.459907 0.520785 0.456477 0.521029 0.454763 0.522001 0.453783 0.521515 0.449622 0.520301 0.445459 0.519815 0.440561 0.520057 0.436644 0.519815 0.433460 0.521029 0.432237 0.524187 0.432727 0.528314 0.430523 0.531958 0.425869 0.530014 0.420238 0.529044 0.415097 0.530258 0.412404 0.532199 0.408730 0.533902 0.403099 0.535601 0.400405 0.537543 0.400405 0.546286 0.398935 0.546530 0.397221 0.542645
0 0.647714 0.390611 0.644284 0.390125 0.638163 0.390367 0.630819 0.391825 0.624698 0.391825 0.618820 0.394252 0.617840 0.398140 0.619800 0.403481 0.621267 0.409310 0.622494 0.412710 0.626901 0.417326 0.627878 0.418053 0.632042 0.416840 0.637673 0.413682 0.642080 0.410038 0.645754 0.406397 0.648938 0.402026 0.650162 0.398868 0.650408 0.395468
0 0.616126 0.397410 0.615880 0.396196 0.610739 0.395954 0.603638 0.395710 0.594090 0.394982 0.589436 0.398868 0.586989 0.401540 0.585519 0.402026 0.585275 0.406153 0.588702 0.409796 0.588946 0.412224 0.591886 0.415140 0.596293 0.417812 0.598251 0.420969 0.600454 0.422183 0.602414 0.422425 0.605352 0.422183 0.608535 0.419267 0.610495 0.417081 0.613676 0.414168 0.616860 0.412468 0.619310 0.411010 0.619064 0.407369 0.617350 0.403239 0.617596 0.400567
0 0.472393 0.437483 0.467252 0.435783 0.463334 0.432626 0.461131 0.429954 0.456233 0.430926 0.454030 0.433839 0.451090 0.436511 0.448152 0.437241 0.445949 0.433839 0.444725 0.432140 0.442031 0.430926 0.435664 0.431412 0.434197 0.431412 0.431993 0.430926 0.430033 0.430682 0.427829 0.429954 0.426606 0.427768 0.426606 0.425827 0.426606 0.424369 0.427583 0.423155 0.428563 0.422425 0.428563 0.421453 0.427583 0.420239 0.424892 0.419025 0.420728 0.418784 0.417544 0.419267 0.412404 0.422425 0.410933 0.425096 0.411177 0.427040 0.409953 0.430198 0.404322 0.433353 0.403342 0.434084 0.402119 0.436269 0.401139 0.439669 0.400405 0.444285 0.400159 0.446226 0.400405 0.448898 0.403832 0.452297 0.406770 0.454483 0.411667 0.457399 0.417301 0.459585 0.423422 0.460312 0.428809 0.460312 0.434684 0.459826 0.441541 0.459585 0.446682 0.458368 0.450112 0.458368 0.455010 0.459585 0.458191 0.458368 0.459661 0.454969 0.460394 0.452055 0.461621 0.451328 0.465782 0.450597 0.467742 0.449384 0.470189 0.447198 0.473373 0.443799 0.473619 0.440882
0 0.458927 0.498686 0.458681 0.494800 0.457213 0.490185 0.454030 0.487999 0.446929 0.489213 0.441051 0.492129 0.437868 0.496500 0.436154 0.502813 0.435910 0.508642 0.435910 0.512286 0.437134 0.516658 0.438604 0.518599 0.439581 0.519815 0.440808 0.520785 0.443501 0.520543 0.446929 0.517871 0.449866 0.515444 0.453540 0.512772 0.456233 0.511072 0.458191 0.509614
0 0.488308 0.609919 0.487821 0.609919 0.481454 0.608219 0.476800 0.607488 0.474106 0.607247 0.470925 0.607002 0.467495 0.607488 0.466028 0.608947 0.464558 0.610888 0.464314 0.613560 0.464314 0.615504 0.465048 0.617448 0.467252 0.620361 0.467985 0.621089 0.468232 0.622302 0.468232 0.624247 0.468965 0.624733 0.472149 0.625219 0.476310 0.623519 0.477780 0.621819 0.479004 0.619389 0.481207 0.616962 0.485615 0.615504 0.486595 0.614776
0 0.545853 0.606033 0.548056 0.602875 0.549280 0.600204 0.548544 0.599473 0.542669 0.599232 0.538505 0.599232 0.532138 0.599718 0.525527 0.602875 0.525773 0.606030 0.527731 0.607733 0.530424 0.607974 0.539239 0.607488 0.539485 0.607488
0 0.614656 0.501844 0.617596 0.501844 0.619554 0.502327 0.627391 0.504029 0.630328 0.504271 0.633512 0.504271 0.635716 0.504513 0.637920 0.503299 0.640367 0.502571 0.641347 0.504999 0.642080 0.507670 0.645021 0.509856 0.648938 0.510100 0.650895 0.510100 0.651632 0.510586 0.652612 0.512528 0.652855 0.514958 0.651875 0.516413 0.649672 0.517630 0.646488 0.518116 0.642817 0.518116 0.638653 0.517385 0.634736 0.515686 0.631309 0.513986 0.628125 0.512286 0.626411 0.511314 0.624698 0.511556 0.622737 0.512286 0.619310 0.512528 0.618087 0.511314 0.615393 0.506457
0 0.390364 0.466869 0.388407 0.464684 0.384489 0.467597 0.383263 0.473671 0.383019 0.477312 0.382286 0.482414 0.381549 0.485572 0.381796 0.487271 0.383509 0.488485 0.385469 0.489213 0.390854 0.491157 0.392814 0.492370 0.398445 0.498200 0.399425 0.501113 0.400405 0.504513 0.401629 0.508156 0.402852 0.511072 0.404322 0.514958 0.404812 0.516658 0.406036 0.518599 0.407260 0.520301 0.409953 0.521271 0.415587 0.522001 0.419258 0.521757 0.423175 0.519329 0.425626 0.516413 0.427829 0.512772 0.431747 0.506457 0.433707 0.504513 0.434684 0.502813 0.436400 0.499414 0.438358 0.495770 0.439338 0.492370 0.438604 0.486785 0.437134 0.481683 0.436887 0.478528 0.436644 0.477312 0.431993 0.476826 0.427583 0.478284 0.422198 0.479498 0.416321 0.479256 0.409463 0.476826 0.402609 0.475612 0.398201 0.474640 0.394284 0.471727 0.392568 0.470269
0 0.431503 0.462256 0.429053 0.462012 0.422932 0.462012 0.417791 0.462012 0.415341 0.461284 0.411667 0.457885 0.407996 0.455455 0.404566 0.453269 0.401385 0.452055 0.397711 0.452297 0.395508 0.453997 0.395508 0.460312 0.396978 0.463470 0.398691 0.466869 0.401139 0.469786 0.404322 0.471727 0.407506 0.472213 0.410200 0.472213 0.413137 0.471241 0.416811 0.469541 0.420482 0.469055 0.430523 0.466383
0 0.449376 0.464198 0.448642 0.460798 0.445459 0.460557 0.439338 0.460557 0.436644 0.462498 0.433707 0.464684 0.431013 0.466383 0.423665 0.468813 0.420238 0.469299 0.416564 0.470027 0.414851 0.470999 0.413384 0.472455 0.413137 0.473913 0.414607 0.475612 0.417791 0.477312 0.419258 0.477556 0.422932 0.477556 0.426116 0.477070 0.431257 0.476584 0.436400 0.476343 0.439581 0.475612 0.444235 0.470999 0.446192 0.468569
