0 0.638504 0.401147 0.636456 0.399636 0.628774 0.398629 0.626723 0.399134 0.623139 0.403665 0.618017 0.405679 0.614433 0.406183 0.611359 0.407695 0.611872 0.410717 0.614433 0.412226 0.614433 0.414744 0.612382 0.416255 0.615457 0.419780 0.622628 0.420284 0.627237 0.419780 0.627237 0.415753 0.627237 0.412730 0.631334 0.408701 0.634919 0.406688
0 0.612382 0.384024 0.613920 0.385033 0.615970 0.388053 0.618017 0.393089 0.619041 0.400141 0.618531 0.403161 0.616480 0.405177 0.613409 0.405679 0.605213 0.410717 0.601629 0.411219 0.598042 0.410212 0.594970 0.406183 0.590873 0.402659 0.589849 0.399636 0.595481 0.396616 0.600602 0.393089 0.607261 0.390571 0.608287 0.389060
0 0.576018 0.341219 0.573971 0.340210 0.569360 0.344239 0.568336 0.344239 0.563728 0.342730 0.558606 0.340210 0.553485 0.343232 0.553995 0.346757 0.554508 0.350786 0.548360 0.359851 0.551948 0.365392 0.553485 0.368916 0.551434 0.375968 0.549387 0.381004 0.551434 0.385033 0.555019 0.390571 0.555532 0.394600 0.557580 0.402154 0.558093 0.405679 0.556045 0.410212 0.556045 0.413235 0.560140 0.415753 0.562191 0.415753 0.565775 0.414242 0.571921 0.411219 0.577042 0.408197 0.580629 0.403161 0.580629 0.400141 0.576532 0.397118 0.574481 0.394096 0.572947 0.389564 0.574481 0.385033 0.574995 0.382011 0.573458 0.376470 0.573971 0.372946 0.577042 0.366398 0.576532 0.365392 0.575508 0.363376 0.574481 0.359851 0.573458 0.356831 0.572434 0.354815 0.572947 0.350786 0.574995 0.347262
0 0.591383 0.605612 0.591383 0.602590 0.589335 0.599065 0.586261 0.598058 0.583701 0.599567 0.580629 0.606114 0.577042 0.607124 0.568336 0.604603 0.563214 0.604603 0.557580 0.605612 0.556045 0.609641 0.563728 0.617697 0.566288 0.620215 0.570386 0.622733 0.575508 0.624749 0.580629 0.624749 0.584727 0.624749 0.587288 0.626762 0.587798 0.631296 0.589335 0.638345 0.593433 0.642375 0.599068 0.646404 0.602139 0.648922 0.603676 0.648922 0.606237 0.647915 0.607774 0.642879 0.610848 0.639352 0.615457 0.635827 0.613920 0.632807 0.607774 0.628778 0.604700 0.622231 0.607774 0.620215 0.610848 0.618704 0.607261 0.614173 0.605724 0.612661 0.603163 0.611150 0.597018 0.611150 0.591896 0.611655 0.589335 0.611150
0 0.523776 0.599065 0.520705 0.597049 0.517631 0.596042 0.514046 0.595036 0.507898 0.596547 0.505851 0.596547 0.500216 0.600576 0.496118 0.603094 0.495608 0.607625 0.496632 0.612159 0.500729 0.613668 0.504314 0.612159 0.506364 0.607625 0.507388 0.603596 0.510459 0.602085 0.513023 0.601078 0.520705 0.601078
0 0.558606 0.602590 0.555532 0.601583 0.553995 0.601583 0.545800 0.602085 0.543752 0.600072 0.540167 0.601078 0.536070 0.603094 0.532485 0.600576 0.529924 0.598560 0.528387 0.600072 0.524800 0.603094 0.524800 0.604603 0.519679 0.605612 0.516094 0.603094 0.515070 0.603094 0.511996 0.604101 0.509435 0.608632 0.511486 0.613166 0.515070 0.617697 0.515070 0.624244 0.513023 0.631798 0.513023 0.634316 0.515070 0.640863 0.515070 0.645899 0.516094 0.650935 0.513533 0.657482 0.509949 0.660505 0.500216 0.668563 0.499192 0.673094 0.502266 0.674606 0.507898 0.672088 0.514046 0.670072 0.520705 0.667554 0.525827 0.663023 0.532485 0.663023 0.536580 0.660505 0.537607 0.657987 0.534019 0.654462 0.527364 0.648417 0.525313 0.642375 0.527874 0.630792 0.531972 0.629280 0.536580 0.629280 0.536070 0.637843 0.534533 0.642879 0.536580 0.647915 0.540678 0.650433 0.544265 0.654964 0.545800 0.658993 0.550921 0.656980 0.552458 0.653453 0.550411 0.646908 0.547337 0.646908 0.544776 0.644388 0.543239 0.638850 0.544265 0.633814 0.549387 0.629785 0.555019 0.626260 0.559630 0.623742 0.560140 0.621224 0.555019 0.616186 0.552971 0.612661 0.552971 0.606619
0 0.464876 0.602085 0.464876 0.602085 0.456683 0.605612 0.453609 0.608130 0.446440 0.609641 0.433633 0.610143 0.427488 0.611150 0.415708 0.614677 0.408539 0.616691 0.401880 0.622231 0.400343 0.624244 0.395732 0.626762 0.395732 0.631296 0.398293 0.635325 0.402904 0.640361 0.406488 0.644388 0.409049 0.646908 0.410586 0.647410 0.412123 0.651440 0.413660 0.653958 0.415708 0.654964 0.419806 0.654462 0.422880 0.655971 0.424414 0.657987 0.429025 0.658489 0.435170 0.654462 0.437731 0.648417 0.439268 0.641368 0.441829 0.636332 0.449001 0.631798 0.454122 0.628274 0.457707 0.622231 0.460267 0.616691
0 0.403414 0.587482 0.401880 0.586475 0.395222 0.586475 0.390610 0.590502 0.384465 0.592518 0.375246 0.593525 0.366026 0.599065 0.364489 0.601583 0.365516 0.606114 0.369100 0.608130 0.373709 0.608632 0.380367 0.605612 0.382418 0.603094 0.390100 0.602590 0.391124 0.603094 0.397269 0.599567 0.399830 0.595541
0 0.398806 0.572876 0.398806 0.570359 0.395732 0.568345 0.393684 0.568345 0.389073 0.570359 0.383952 0.574388 0.381391 0.576906 0.377807 0.578417 0.370124 0.578919 0.362952 0.578919 0.357831 0.582446 0.355270 0.586977 0.355783 0.591007 0.359368 0.592518 0.369100 0.592013 0.373709 0.590502 0.380367 0.587482 0.389587 0.582446 0.394708 0.579928 0.398293 0.576401
0 0.442342 0.545681 0.439268 0.545681 0.435683 0.543668 0.433123 0.543163 0.432099 0.547193 0.429535 0.551222 0.426975 0.553740 0.422880 0.557769 0.415194 0.559782 0.411099 0.559782 0.407512 0.559782 0.401880 0.566329 0.401880 0.569857 0.403928 0.573883 0.413147 0.576401 0.417245 0.574388 0.423903 0.571870 0.431072 0.568345 0.437731 0.563309 0.441316 0.557264 0.441316 0.553235
0 0.496118 0.337692 0.494071 0.338701 0.485365 0.339708 0.483314 0.339708 0.476656 0.341219 0.473071 0.344744 0.468463 0.347766 0.463852 0.351291 0.462315 0.355320 0.462315 0.359851 0.463341 0.363376 0.465902 0.367405 0.473071 0.368916 0.476145 0.371434 0.481777 0.375463 0.485875 0.380499 0.487412 0.385033 0.487412 0.389564 0.485875 0.395105 0.486388 0.399636 0.489462 0.403161 0.491510 0.404170 0.494071 0.408197 0.495095 0.412226 0.494584 0.416760 0.496118 0.423809 0.498682 0.426831 0.503290 0.426831 0.509435 0.426831 0.513023 0.423307 0.517118 0.419780 0.523266 0.415753 0.527874 0.413235 0.528898 0.410212 0.529411 0.406183 0.528387 0.400643 0.526850 0.398629 0.527364 0.393089 0.528898 0.388053 0.528898 0.383522 0.526337 0.376470 0.525827 0.370932 0.527364 0.366903 0.527364 0.364385 0.522753 0.358845 0.519679 0.356327 0.519168 0.350284 0.522753 0.345248 0.524800 0.341721 0.525313 0.334672 0.521729 0.333665 0.518144 0.333665 0.516607 0.338701 0.514557 0.341721 0.510459 0.339708 0.507898 0.337190 0.505851 0.337190 0.501753 0.339708 0.499706 0.341219
0 0.441829 0.344744 0.438755 0.346757 0.434660 0.349275 0.431072 0.351291 0.425951 0.353809 0.423390 0.355320 0.422366 0.358340 0.425951 0.362874 0.429535 0.364385 0.434146 0.364887 0.441316 0.364887 0.442853 0.364887 0.447464 0.364385 0.449511 0.364385 0.452072 0.364385 0.452585 0.361363 0.451561 0.360356 0.445413 0.358845 0.439781 0.358340 0.437731 0.354311 0.437220 0.352297
0 0.459244 0.354815 0.456683 0.356327 0.453096 0.359349 0.452585 0.363880 0.454122 0.366398 0.454122 0.370428 0.451048 0.374457 0.452585 0.377981 0.457707 0.381004 0.461804 0.381506 0.464365 0.383522 0.465389 0.388053 0.465389 0.392082 0.471024 0.396112 0.477169 0.397623 0.480243 0.401147 0.480754 0.403665 0.480243 0.407695 0.480243 0.411219 0.483828 0.414242 0.487412 0.415248 0.490997 0.413235 0.492023 0.408701 0.489973 0.407190 0.486388 0.402659 0.485875 0.400141 0.485365 0.393594 0.485875 0.390571 0.486388 0.386040 0.485875 0.381506 0.484338 0.378988 0.480754 0.374959 0.476656 0.372441 0.472048 0.370932 0.466413 0.369421 0.461804 0.367405 0.460781 0.362874 0.460781 0.359851
0 0.397269 0.379493 0.402904 0.379493 0.414684 0.382011 0.417755 0.382011 0.421343 0.382515 0.424414 0.384024 0.429025 0.385033 0.433123 0.387551 0.439268 0.390571 0.440805 0.391076 0.443876 0.394600 0.445927 0.399134 0.447464 0.403161 0.449511 0.407190 0.452585 0.410212 0.457707 0.412730 0.461804 0.415248 0.464365 0.419278 0.466413 0.424818 0.466413 0.431363 0.464876 0.437910 0.463341 0.438919 0.459244 0.439926 0.455656 0.436903 0.451561 0.434385 0.444903 0.434385 0.442853 0.434385 0.438755 0.434890 0.433633 0.436401 0.429535 0.436903 0.424927 0.436903 0.422366 0.432372 0.420829 0.429349 0.420319 0.423307 0.419806 0.417262 0.414684 0.411724 0.412634 0.410212 0.404951 0.406688 0.403414 0.406183 0.398806 0.406688 0.398293 0.402659 0.398293 0.399134 0.394708 0.397118 0.393171 0.394096 0.392147 0.389060 0.392147 0.384024
0 0.412123 0.433880 0.409562 0.436401 0.407002 0.437910 0.400343 0.437910 0.397782 0.436903 0.392147 0.433378 0.388563 0.429349 0.384978 0.425320 0.379344 0.427336 0.374733 0.428343 0.368587 0.426327 0.364489 0.428343 0.361929 0.436401 0.363466 0.443450 0.366026 0.449493 0.371661 0.455033 0.374222 0.458558 0.380881 0.463594 0.390610 0.466112 0.393171 0.466112 0.398293 0.463594 0.401880 0.462587 0.408025 0.463594 0.417245 0.465610 0.422880 0.468127 0.429025 0.470141 0.435683 0.471147 0.441316 0.471147 0.449001 0.468127 0.450535 0.466112 0.451561 0.463092 0.455146 0.461076 0.460781 0.458056 0.460267 0.455033 0.458217 0.454529 0.453609 0.455538 0.449511 0.456544 0.444903 0.456040 0.442342 0.455033 0.439781 0.452515 0.437731 0.448991 0.436707 0.448991 0.430562 0.452011 0.426464 0.452515 0.420319 0.450502 0.415708 0.448486 0.414171 0.444961 0.413147 0.440932
0 0.445413 0.502876 0.443366 0.501365 0.437220 0.498343 0.434660 0.498343 0.423903 0.497336 0.419292 0.496831 0.408025 0.495825 0.396245 0.494313 0.388050 0.494313 0.376270 0.498343 0.369100 0.500359 0.360392 0.503378 0.358857 0.509424 0.358857 0.516473 0.358857 0.523525 0.356297 0.526042 0.350149 0.528056 0.343490 0.530072 0.341442 0.535610 0.340419 0.540645 0.338368 0.548704 0.339905 0.553740 0.345540 0.555756 0.350149 0.554746 0.356807 0.552733 0.365003 0.549208 0.368587 0.547193 0.374733 0.545179 0.381904 0.545179 0.383441 0.545179 0.381391 0.551222 0.382418 0.553235 0.392661 0.548199 0.394198 0.547697 0.398293 0.545179 0.400854 0.540143 0.402391 0.536114 0.404951 0.532085 0.409562 0.530574 0.415194 0.529567 0.424414 0.530574 0.430049 0.530574 0.432609 0.528560 0.434146 0.525033 0.435170 0.523525 0.437220 0.523020 0.441829 0.523525 0.444903 0.523525 0.447464 0.523020 0.450024 0.522013 0.453609 0.517984 0.454122 0.516473 0.454122 0.513955 0.450535 0.513450 0.449001 0.511942 0.446440 0.508414 0.444903 0.506401
0 0.467950 0.556762 0.465389 0.552228 0.462828 0.548704 0.455146 0.545179 0.452585 0.545179 0.444903 0.548704 0.443366 0.554244 0.438755 0.563309 0.432609 0.567841 0.426975 0.571365 0.413660 0.577410 0.408025 0.581942 0.404441 0.586977 0.400343 0.592518 0.398293 0.594531 0.396245 0.598560 0.395732 0.603596 0.392661 0.605108 0.389073 0.603596 0.388563 0.606114 0.391124 0.612661 0.391124 0.618704 0.388563 0.622231 0.389073 0.625251 0.397269 0.623742 0.403928 0.618704 0.408025 0.615179 0.414171 0.613166 0.421343 0.612661 0.433123 0.610143 0.442342 0.608632 0.451048 0.606619 0.461291 0.600576 0.467950 0.597554 0.472561 0.593525 0.476656 0.584964 0.480243 0.582948 0.482291 0.579424 0.481777 0.574892 0.477169 0.568345 0.473071 0.567339 0.470511 0.561798
0 0.694843 0.520502 0.692796 0.521509 0.687674 0.523020 0.684600 0.519997 0.684087 0.517984 0.680502 0.518991 0.675381 0.521007 0.668212 0.522515 0.670773 0.525538 0.674357 0.528560 0.678455 0.529567 0.682553 0.531580 0.687161 0.534603 0.692796 0.536114 0.695357 0.536114 0.697404 0.535610 0.696894 0.531580 0.695357 0.526042
0 0.686648 0.495323 0.684087 0.492300 0.682553 0.491795 0.676918 0.493811 0.672820 0.497841 0.669746 0.502372 0.667699 0.507912 0.667185 0.513450 0.667699 0.516473 0.669236 0.516977 0.676405 0.515971 0.680502 0.512444 0.682039 0.508919 0.682039 0.502876 0.682039 0.500861
0 0.679479 0.483235 0.676918 0.479206 0.675894 0.477695 0.677431 0.474675 0.682039 0.473163 0.684087 0.470645 0.685113 0.467121 0.685113 0.464603 0.680502 0.465610 0.675894 0.470141 0.671283 0.473665 0.669746 0.474675 0.662064 0.474675 0.656942 0.474675 0.653358 0.478704 0.655405 0.480212 0.659503 0.485248 0.659503 0.488776 0.654381 0.486760 0.650797 0.481724 0.646699 0.475681 0.643625 0.472157 0.641578 0.476186 0.644138 0.483235 0.646699 0.488776 0.648749 0.493811 0.650797 0.499349 0.653871 0.498343 0.656942 0.496329 0.658992 0.503378 0.660529 0.505896 0.664625 0.504388 0.666162 0.498847 0.666162 0.493307 0.670773 0.489278 0.674870 0.488271 0.678455 0.487769
0 0.652844 0.467121 0.652334 0.463594 0.649260 0.460574 0.645162 0.458558 0.637993 0.454529 0.628774 0.454027 0.623652 0.454027 0.620068 0.456544 0.620068 0.462587 0.623139 0.468629 0.628260 0.473163 0.633382 0.478704 0.635432 0.478704 0.638504 0.474170 0.638504 0.470645 0.642091 0.468629 0.645675 0.470645 0.647723 0.472157
0 0.624676 0.421795 0.621602 0.421795 0.617504 0.420789 0.614943 0.422300 0.612382 0.423809 0.604700 0.422300 0.602139 0.422802 0.604190 0.425320 0.608287 0.427838 0.610335 0.430861 0.613920 0.435896 0.616994 0.440932 0.620578 0.446975 0.623652 0.451004 0.625189 0.451004 0.626723 0.445463 0.626213 0.441437 0.625189 0.434890 0.624676 0.430356 0.624163 0.426327
