0 0.440649 0.447372 0.442317 0.446953 0.446899 0.446953 0.452314 0.447791 0.455231 0.448214 0.461898 0.454088 0.462730 0.456607 0.462730 0.457446 0.460230 0.460384 0.460230 0.464161 0.460646 0.465839 0.456896 0.466258 0.451065 0.467516 0.447315 0.469616 0.442317 0.470035 0.439400 0.467936 0.439400 0.465839 0.441065 0.461223 0.441901 0.456187 0.440649 0.452830
0 0.386491 0.429327 0.392322 0.428069 0.403988 0.428489 0.406072 0.428489 0.413571 0.431005 0.416069 0.435621 0.416902 0.441498 0.416902 0.445275 0.416486 0.451149 0.415237 0.452830 0.412736 0.453668 0.409405 0.452830 0.408154 0.445694 0.405656 0.440240 0.402739 0.436882 0.398989 0.434782 0.392322 0.434363 0.385242 0.432685
0 0.381909 0.431005 0.380241 0.428908 0.372325 0.423873 0.367743 0.424292 0.366910 0.427650 0.368994 0.433105 0.370243 0.438140 0.367743 0.443595 0.368575 0.445694 0.376075 0.446533 0.380657 0.446533 0.382741 0.449472 0.384407 0.451991 0.389824 0.457446 0.392322 0.458704 0.395656 0.459123 0.396905 0.459123 0.397740 0.457446 0.396905 0.453249 0.394407 0.449472 0.393158 0.446953 0.394407 0.443595 0.396488 0.441078 0.396072 0.436043 0.393158 0.434363 0.388989 0.434782 0.385658 0.435202
0 0.358162 0.418834 0.359827 0.412960 0.356494 0.406245 0.354828 0.403309 0.348997 0.406245 0.344831 0.412121 0.339413 0.415899 0.336080 0.419676 0.333166 0.425131 0.333166 0.431005 0.336496 0.434363 0.340246 0.436043 0.347329 0.438559 0.349413 0.439398 0.353996 0.441078 0.353582 0.436465 0.350662 0.430586 0.349830 0.426389 0.351495 0.424292 0.354828 0.422612
0 0.358578 0.453668 0.358578 0.449891 0.353996 0.444856 0.351911 0.442756 0.348162 0.440659 0.342747 0.438559 0.338997 0.437721 0.334831 0.436043 0.333166 0.433105 0.331914 0.429327 0.330665 0.424711 0.328581 0.423031 0.326083 0.423031 0.323998 0.426389 0.323582 0.429327 0.324415 0.433943 0.325666 0.439398 0.327748 0.445694 0.331081 0.449891 0.336915 0.452830 0.341914 0.454926 0.346080 0.457865 0.346080 0.459542 0.343579 0.462062 0.336496 0.466258 0.335247 0.467936 0.334415 0.470874 0.334831 0.474232 0.335664 0.474651 0.337748 0.475910 0.343163 0.474651 0.346496 0.472554 0.351495 0.471294 0.354412 0.470455 0.358578 0.465839 0.359411 0.462481 0.359411 0.459962
0 0.380241 0.448214 0.378992 0.448214 0.368994 0.446953 0.363160 0.446953 0.361495 0.449891 0.361079 0.456187 0.362744 0.462900 0.363577 0.464161 0.367326 0.463320 0.371909 0.458704 0.374409 0.455346 0.376491 0.453249
0 0.309835 0.395754 0.308586 0.394074 0.307334 0.392816 0.305669 0.394074 0.304417 0.398690 0.303585 0.404148 0.300251 0.409183 0.298586 0.411702 0.299835 0.419676 0.304417 0.425550 0.307751 0.428908 0.312752 0.429747 0.318583 0.428489 0.321500 0.426808 0.326083 0.424711 0.328581 0.423450 0.330249 0.423450 0.331914 0.421353 0.330665 0.418834 0.324834 0.418834 0.320249 0.417576 0.316918 0.415479 0.314001 0.413380 0.311917 0.409602 0.309835 0.403728
0 0.325250 0.394074 0.324834 0.391558 0.321917 0.390297 0.317334 0.390297 0.313585 0.393655 0.311917 0.397432 0.314001 0.410441 0.316918 0.414218 0.323582 0.417157 0.332330 0.417576 0.334831 0.417157 0.334415 0.412121 0.331914 0.407925 0.328581 0.405825 0.325250 0.401209
0 0.509389 0.575373 0.505223 0.574534 0.499392 0.575792 0.496475 0.577892 0.489811 0.577892 0.482728 0.576212 0.477310 0.575373 0.473979 0.579989 0.474396 0.584186 0.476061 0.588802 0.478562 0.592160 0.484809 0.595098 0.491060 0.595517 0.497307 0.595517 0.503141 0.595517 0.508140 0.591321 0.510224 0.585866 0.512306 0.581247
0 0.496475 0.609785 0.496475 0.604749 0.494809 0.602653 0.486894 0.598875 0.475228 0.598036 0.471895 0.599714 0.468978 0.603911 0.468978 0.607688 0.471479 0.610626 0.476061 0.612723 0.478562 0.615242 0.479394 0.619439 0.479394 0.624055 0.481476 0.630349 0.482728 0.632868 0.484809 0.634545 0.490643 0.634545 0.493141 0.632029 0.495642 0.625733 0.497724 0.619439
0 0.266091 0.574954 0.264842 0.573696 0.257759 0.572854 0.254842 0.573696 0.253177 0.577051 0.253177 0.581667 0.254426 0.586705 0.256091 0.591321 0.256510 0.595937 0.256510 0.598875 0.258592 0.601811 0.260260 0.601811 0.264426 0.598456 0.266923 0.594679 0.268592 0.593837 0.274006 0.594259 0.274839 0.592160 0.273590 0.589221 0.271506 0.586705 0.270257 0.583347 0.269840 0.579570
0 0.253593 0.606849 0.249427 0.608107 0.246926 0.609365 0.238594 0.611885 0.233179 0.616920 0.231928 0.620697 0.229846 0.626574 0.229013 0.632448 0.231511 0.639164 0.234845 0.642519 0.238178 0.645458 0.244845 0.647977 0.249843 0.647977 0.253177 0.647557 0.256926 0.643361 0.257759 0.638322 0.257759 0.632029 0.257759 0.626152 0.257759 0.621117 0.257759 0.615662
0 0.272758 0.596356 0.266923 0.596356 0.264842 0.597614 0.264842 0.603491 0.265675 0.607269 0.263174 0.611046 0.261509 0.613981 0.259840 0.619858 0.260260 0.621955 0.262758 0.625313 0.267756 0.627413 0.274006 0.627413 0.280254 0.629090 0.285255 0.629510 0.287337 0.629090 0.287753 0.626993 0.281922 0.622375 0.277756 0.619858 0.277756 0.616081 0.278589 0.614404 0.278589 0.608527 0.280673 0.603072 0.278172 0.598036
0 0.284423 0.642100 0.281922 0.637064 0.279005 0.634967 0.277340 0.632868 0.272758 0.635806 0.269840 0.637903 0.268592 0.638745 0.266923 0.639164 0.265258 0.638745 0.262758 0.639583 0.261092 0.641261 0.258175 0.644619 0.256510 0.646716 0.252344 0.650493 0.249011 0.651754 0.244428 0.651754 0.236096 0.654270 0.233179 0.657628 0.232347 0.661825 0.231928 0.667282 0.231095 0.670637 0.227762 0.676934 0.226096 0.681550 0.226929 0.687846 0.234012 0.693720 0.237762 0.695820 0.241511 0.697917 0.247343 0.699175 0.251925 0.699175 0.252344 0.697497 0.250260 0.694139 0.244428 0.689104 0.241095 0.685327 0.239427 0.678611 0.240679 0.671057 0.242760 0.666860 0.246926 0.663505 0.251509 0.660566 0.254426 0.659728 0.258175 0.657628 0.261509 0.653851 0.265675 0.649235 0.267340 0.647557 0.270673 0.645877 0.276923 0.644199 0.280254 0.644199
0 0.313168 0.630349 0.311917 0.625733 0.308586 0.622375 0.304836 0.620697 0.301503 0.620697 0.299419 0.624055 0.299002 0.629929 0.297753 0.634126 0.293171 0.639164 0.289838 0.642941 0.286504 0.645877 0.283171 0.646296 0.271089 0.647977 0.267756 0.650074 0.265675 0.652593 0.263590 0.659728 0.265258 0.663505 0.268172 0.666860 0.270257 0.670218 0.271089 0.673156 0.271922 0.677772 0.271506 0.681130 0.271089 0.684488 0.271922 0.687426 0.274006 0.689104 0.277756 0.691201 0.278589 0.692881 0.279005 0.699175 0.280254 0.706310 0.284004 0.708829 0.287337 0.708410 0.289421 0.702952 0.291503 0.697078 0.296085 0.692881 0.303585 0.688685 0.308167 0.683649 0.309002 0.679872 0.308167 0.673995 0.304836 0.668960 0.301087 0.665182 0.298170 0.661405 0.298170 0.655950 0.302336 0.652173 0.306502 0.647557 0.308167 0.642941 0.311084 0.639164 0.311500 0.635806
0 0.308167 0.686585 0.310251 0.687426 0.313168 0.687426 0.315666 0.687426 0.318583 0.686166 0.322333 0.682388 0.325666 0.679872 0.331498 0.676934 0.337748 0.678611 0.341498 0.681550 0.343579 0.684488 0.343579 0.689104 0.341914 0.692462 0.337332 0.695398 0.333166 0.697078 0.327748 0.697497 0.320668 0.696239 0.315666 0.694559 0.311084 0.692881 0.306502 0.692042 0.304417 0.688685
0 0.369411 0.658889 0.365245 0.656789 0.361911 0.656789 0.355245 0.658886 0.351495 0.663086 0.348578 0.667702 0.346913 0.673576 0.346496 0.679031 0.346080 0.683227 0.344412 0.688265 0.341498 0.693720 0.338997 0.697078 0.335247 0.700855 0.329832 0.705471 0.325250 0.710507 0.323166 0.714284 0.321084 0.719739 0.320249 0.725196 0.320668 0.731490 0.321917 0.735267 0.325666 0.738205 0.328164 0.739044 0.333998 0.738625 0.340246 0.735686 0.345247 0.733170 0.349413 0.729393 0.351495 0.722677 0.350662 0.721419 0.346913 0.717222 0.342330 0.713864 0.340662 0.711345 0.340662 0.708829 0.342330 0.707149 0.345664 0.707149 0.348578 0.704213 0.347745 0.701694 0.346913 0.697497 0.347745 0.694978 0.353163 0.690782 0.358162 0.688265 0.361911 0.685746 0.365661 0.683649 0.368159 0.681550 0.368159 0.678192 0.368159 0.674834 0.368159 0.671479 0.369411 0.668960 0.370660 0.668960 0.372741 0.667702 0.375242 0.665182 0.374826 0.662244 0.373160 0.660566
0 0.412320 0.661825 0.410238 0.658467 0.404820 0.656370 0.399822 0.655950 0.396072 0.655950 0.391490 0.657628 0.391073 0.661405 0.394407 0.666860 0.396072 0.669798 0.393574 0.677353 0.391490 0.680291 0.388156 0.684488 0.386075 0.687846 0.383990 0.692881 0.382325 0.695398 0.380657 0.697078 0.379408 0.700436 0.377743 0.704213 0.374826 0.707568 0.372741 0.710087 0.370243 0.714284 0.368575 0.718900 0.368994 0.721419 0.371909 0.723096 0.373577 0.723938 0.374826 0.724357 0.376491 0.724777 0.382325 0.724777 0.386075 0.724357 0.388989 0.723516 0.391490 0.723096 0.397740 0.722258 0.399405 0.722258 0.403155 0.724357 0.406488 0.726454 0.408154 0.727712 0.412736 0.727712 0.416902 0.726035 0.420652 0.723938 0.426486 0.721419 0.427735 0.721838 0.431068 0.723096 0.433985 0.723516 0.436067 0.721419 0.437735 0.716803 0.438567 0.711345 0.439400 0.705471 0.439400 0.699597 0.436899 0.693301 0.435234 0.689943 0.432733 0.686585 0.428567 0.682808 0.422320 0.678611 0.420235 0.675675 0.420235 0.672318 0.417321 0.664763
0 0.469813 0.673156 0.467313 0.671479 0.462730 0.673995 0.461898 0.677353 0.463563 0.681969 0.464812 0.685327 0.470230 0.689943 0.473979 0.690782 0.475645 0.692042 0.475228 0.699175 0.473144 0.701694 0.471062 0.705891 0.468978 0.710507 0.468978 0.715123 0.471479 0.718061 0.476061 0.718480 0.481895 0.716803 0.486477 0.715123 0.488975 0.710087 0.490643 0.705471 0.491476 0.705052 0.493558 0.705052 0.495226 0.705052 0.500224 0.705052 0.504390 0.702952 0.506891 0.701694 0.507307 0.699175 0.506475 0.696658 0.503974 0.690782 0.503974 0.687426 0.503141 0.681550 0.501473 0.676514 0.499808 0.673995 0.498559 0.671479 0.496891 0.671057 0.489811 0.671479 0.481476 0.675675 0.478978 0.676095 0.476061 0.675675
0 0.458148 0.679453 0.457313 0.679872 0.454398 0.682388 0.450232 0.686585 0.447732 0.689523 0.446067 0.694978 0.446067 0.700436 0.447732 0.704213 0.450649 0.707149 0.453982 0.706310 0.456064 0.703794 0.459397 0.702113 0.461898 0.706310 0.463979 0.711767 0.464812 0.712187 0.468562 0.708829 0.470230 0.705471 0.474812 0.700016 0.477310 0.694978 0.477310 0.693720 0.474812 0.692881 0.469813 0.691623 0.462314 0.688685 0.461479 0.684907
0 0.457729 0.705471 0.455231 0.709668 0.453147 0.715123 0.450649 0.720161 0.448564 0.723096 0.444398 0.726035 0.437735 0.729393 0.434401 0.731070 0.433569 0.732751 0.440649 0.735686 0.442317 0.735686 0.446483 0.734847 0.451898 0.733170 0.458981 0.729812 0.461062 0.726874 0.462730 0.721838 0.463147 0.717642 0.462730 0.713026
0 0.446899 0.688685 0.441065 0.685327 0.438984 0.684488 0.436067 0.683227 0.433569 0.683227 0.433569 0.685327 0.436483 0.688685 0.438567 0.691623 0.439400 0.696658 0.439400 0.702113 0.439400 0.709248 0.438567 0.715542 0.437315 0.720580 0.437315 0.723516 0.442733 0.724777 0.448981 0.723096 0.450649 0.720580 0.451481 0.715542 0.451481 0.711767 0.446483 0.707568 0.444815 0.704632 0.444398 0.698755 0.445650 0.694139
0 0.476477 0.635387 0.474812 0.636225 0.469813 0.642519 0.468562 0.646296 0.471479 0.650915 0.478145 0.652173 0.481476 0.654690 0.483144 0.662663 0.483560 0.666441 0.485226 0.668540 0.487310 0.669379 0.491892 0.669379 0.493977 0.666860 0.493977 0.663505 0.492725 0.656370 0.490643 0.650493 0.488559 0.647977 0.485642 0.646296 0.482311 0.643780
0 0.477729 0.630771 0.478978 0.626993 0.479394 0.623216 0.477310 0.615662 0.476061 0.613562 0.472728 0.611465 0.468562 0.610626 0.464812 0.610626 0.458981 0.611885 0.455647 0.610204 0.453566 0.614823 0.453566 0.618178 0.451065 0.623636 0.448981 0.626993 0.446067 0.629090 0.442317 0.631609 0.437315 0.633287 0.435234 0.634967 0.434818 0.639164 0.436483 0.640842 0.442317 0.641261 0.446483 0.643780 0.449397 0.646716 0.454398 0.654690 0.456064 0.658047 0.457313 0.659728 0.458564 0.659728 0.461062 0.655112 0.459813 0.650915 0.457732 0.646296 0.453147 0.640003 0.450232 0.637064 0.454398 0.632868 0.457313 0.630349 0.460646 0.626993 0.465228 0.627413 0.465647 0.627413 0.466064 0.629929 0.466064 0.634126 0.465647 0.639164 0.465647 0.642100 0.471062 0.641261 0.474396 0.635806
0 0.504807 0.598034 0.496475 0.595937 0.494809 0.595937 0.493141 0.600972 0.496891 0.605169 0.499392 0.610626 0.498975 0.617759 0.499392 0.621955 0.508140 0.621536 0.511057 0.624055 0.516888 0.627413 0.521471 0.628671 0.526472 0.627413 0.528554 0.625733 0.529803 0.623216 0.528554 0.619858 0.523971 0.616501 0.518556 0.612723 0.512306 0.608946 0.506891 0.605169
0 0.514390 0.584605 0.511057 0.589221 0.508973 0.593418 0.508556 0.598875 0.511057 0.603491 0.515223 0.608527 0.518973 0.611885 0.523555 0.614404 0.526056 0.616081 0.530222 0.618178 0.535637 0.618600 0.538137 0.617339 0.539803 0.612723 0.540635 0.607688 0.543136 0.604749 0.547718 0.603072 0.551052 0.602653 0.556050 0.603491 0.560633 0.605169 0.565631 0.607269 0.571465 0.607269 0.575631 0.604749 0.577297 0.603072 0.577297 0.600133 0.576464 0.598875 0.571882 0.597195 0.568132 0.595517 0.563966 0.591740 0.562301 0.588802 0.559384 0.584605 0.556050 0.582089 0.548967 0.581247 0.538554 0.581247 0.536053 0.582089 0.533136 0.585025 0.531054 0.591321 0.528970 0.591321 0.521054 0.587963 0.515223 0.584605
0 0.550635 0.568238 0.548551 0.568238 0.543552 0.566560 0.538137 0.563203 0.531471 0.563203 0.523555 0.564041 0.515639 0.561103 0.511473 0.561944 0.508556 0.565722 0.506891 0.569077 0.507724 0.572854 0.512722 0.575373 0.514390 0.577892 0.515639 0.581667 0.518556 0.586705 0.522722 0.588802 0.526472 0.590063 0.530222 0.589641 0.532303 0.586285 0.532303 0.584605 0.535637 0.582089 0.542303 0.580408 0.548135 0.580408 0.553966 0.580408 0.556050 0.580408 0.558551 0.578731 0.555634 0.574115
0 0.542301 0.509066 0.544801 0.511582 0.545218 0.515779 0.546050 0.521656 0.546050 0.525433 0.543969 0.531307 0.541052 0.534246 0.530222 0.538442 0.525637 0.539281 0.520222 0.541381 0.514807 0.545155 0.509805 0.543478 0.506058 0.539281 0.501473 0.535084 0.498559 0.534246 0.492309 0.533407 0.484809 0.534665 0.483144 0.535084 0.479811 0.533826 0.478562 0.529630 0.481895 0.525014 0.483144 0.520395 0.481060 0.514521 0.483144 0.512002 0.486061 0.511582 0.492725 0.514101 0.496891 0.515359 0.505639 0.516618 0.509389 0.516618 0.512722 0.515359 0.514807 0.513263 0.516472 0.514940 0.519805 0.518298 0.523555 0.519556 0.528970 0.519137 0.533136 0.516198 0.536886 0.512843
0 0.482728 0.476332 0.487310 0.474651 0.489811 0.475910 0.493558 0.479687 0.494809 0.484303 0.498559 0.493957 0.502725 0.490599 0.505223 0.486822 0.509389 0.486822 0.512306 0.488080 0.515639 0.492277 0.516472 0.497315 0.516472 0.501931 0.515223 0.506547 0.512722 0.512002 0.511057 0.513263 0.505639 0.514101 0.497307 0.512843 0.491892 0.510743 0.488559 0.509485 0.479394 0.509905 0.477310 0.512002 0.477729 0.517459 0.479394 0.521236 0.479394 0.524592 0.476894 0.527949 0.475228 0.529630 0.472728 0.530049 0.466896 0.530049 0.462314 0.527530 0.461898 0.523753 0.462314 0.518717 0.459813 0.516198 0.455647 0.514940 0.452730 0.513263 0.451898 0.509485 0.451898 0.505289 0.451065 0.499831 0.448981 0.493957 0.450649 0.491438 0.456896 0.488922 0.463979 0.490599 0.467313 0.492699 0.473560 0.494796 0.476894 0.495635 0.480643 0.493957 0.482311 0.488922 0.478978 0.480948
0 0.479811 0.453668 0.477729 0.449891 0.475228 0.446953 0.471479 0.447372 0.469813 0.449472 0.469813 0.454926 0.471479 0.461642 0.473979 0.467936 0.476894 0.470874 0.484809 0.471294 0.487726 0.470035 0.490643 0.468777 0.490227 0.465000 0.484809 0.461223
0 0.434401 0.451149 0.431901 0.453249 0.427735 0.457026 0.423152 0.459123 0.418154 0.459542 0.413152 0.458284 0.411071 0.454088 0.409405 0.450310 0.406905 0.445275 0.402739 0.442756 0.398989 0.442337 0.394823 0.444436 0.396072 0.449472 0.398989 0.454088 0.399405 0.458704 0.398156 0.461223 0.395239 0.462481 0.391073 0.459962 0.387324 0.456607 0.382325 0.457446 0.379824 0.461642 0.380241 0.468358 0.383158 0.473393 0.385658 0.478429 0.386907 0.480948 0.388573 0.481786 0.394823 0.482206 0.401490 0.484725 0.404820 0.485564 0.409822 0.486822 0.416902 0.489341 0.420652 0.488922 0.423569 0.487661 0.426486 0.485983 0.426486 0.482625 0.426069 0.478429 0.428151 0.474232 0.432317 0.469616 0.435234 0.465000 0.437315 0.461223 0.438567 0.457865 0.438567 0.454088
0 0.294420 0.412541 0.292336 0.412960 0.289421 0.415479 0.286504 0.418834 0.284004 0.421353 0.280254 0.422192 0.278172 0.422192 0.275672 0.427228 0.274423 0.429747 0.271506 0.434782 0.271922 0.437301 0.273174 0.439820 0.272758 0.441917 0.267756 0.442756 0.264842 0.441078 0.264426 0.440659 0.261509 0.442337 0.258175 0.444436 0.254009 0.445694 0.248178 0.446114 0.244009 0.449891 0.244845 0.453668 0.243593 0.455765 0.241928 0.456607 0.241095 0.458704 0.243177 0.461642 0.246926 0.463320 0.249427 0.465000 0.254426 0.467516 0.257759 0.468777 0.260676 0.469197 0.261925 0.470035 0.257759 0.472974 0.254009 0.474651 0.251509 0.477170 0.248594 0.481367 0.247343 0.484725 0.251092 0.488502 0.254426 0.491019 0.257343 0.493538 0.258592 0.496473 0.259008 0.500251 0.256091 0.501511 0.250260 0.499831 0.246094 0.496895 0.242344 0.491857 0.242344 0.486822 0.244428 0.481367 0.246510 0.477170 0.249427 0.473813 0.252344 0.470874 0.251092 0.468358 0.248594 0.466258 0.245677 0.464581 0.243593 0.464581 0.240262 0.465000 0.238594 0.465419 0.233596 0.470455 0.231928 0.472554 0.228181 0.472974 0.225264 0.473393 0.223179 0.475490 0.221930 0.477590 0.221514 0.479267 0.226096 0.482206 0.228181 0.482625 0.232763 0.483045 0.234845 0.484303 0.235677 0.486822 0.235261 0.490599 0.232347 0.494376 0.231928 0.497734 0.231928 0.503608 0.231928 0.509066 0.234012 0.512421 0.238178 0.513682 0.243593 0.512421 0.246510 0.511582 0.250260 0.517040 0.251925 0.519556 0.252760 0.522075 0.260260 0.525433 0.261925 0.525433 0.268592 0.530888 0.271089 0.532146 0.274839 0.534246 0.279005 0.535923 0.281506 0.535504 0.285255 0.529630 0.287753 0.525433 0.291503 0.520814 0.291919 0.517459 0.288170 0.509066 0.287337 0.505708 0.287753 0.501092 0.289838 0.497315 0.291503 0.491857 0.292336 0.485564 0.292755 0.482206 0.293587 0.479267 0.293587 0.476751 0.287753 0.473393 0.285672 0.472132 0.281922 0.469197 0.280673 0.467097 0.279005 0.463739 0.278589 0.459962 0.279005 0.455346 0.281089 0.451991 0.283171 0.448633 0.286504 0.444017 0.289005 0.442337 0.290670 0.442337 0.293171 0.442756 0.295253 0.444436 0.298170 0.446953 0.301503 0.449472 0.305669 0.451991 0.308167 0.454088 0.309419 0.456607 0.310251 0.465000 0.309002 0.469197 0.307751 0.472974 0.304836 0.476751 0.301503 0.479267 0.298586 0.481786 0.296085 0.485144 0.295253 0.488922 0.294836 0.491857 0.294420 0.495635 0.295253 0.497315 0.298170 0.498154 0.300670 0.498154 0.302752 0.498154 0.304836 0.498154 0.307334 0.494376 0.307751 0.490180 0.310251 0.483883 0.312333 0.480528 0.315250 0.480106 0.319416 0.480106 0.322333 0.480106 0.325666 0.478429 0.327748 0.474651 0.327748 0.469197 0.327748 0.463320 0.325666 0.459123 0.323166 0.455346 0.321084 0.447372 0.321500 0.443175 0.323166 0.439820 0.323582 0.436462 0.319416 0.431424 0.318167 0.431424 0.316083 0.434782 0.316083 0.436882 0.309419 0.429327 0.302752 0.424711 0.297753 0.419254
0 0.294836 0.527949 0.294836 0.526691 0.292336 0.526272 0.289421 0.527530 0.287753 0.530888 0.286088 0.532985 0.283171 0.535923 0.281922 0.536343 0.279005 0.536343 0.275672 0.534246 0.272341 0.530049 0.267756 0.527111 0.264006 0.525433 0.259008 0.525433 0.255675 0.525433 0.251925 0.527111 0.251925 0.527949 0.252760 0.532985 0.253593 0.538023 0.250676 0.541800 0.248178 0.544316 0.244428 0.546416 0.239843 0.547674 0.238178 0.547674 0.234845 0.547674 0.225264 0.543058 0.224431 0.542219 0.221930 0.542639 0.219013 0.543897 0.214015 0.547674 0.210265 0.550613 0.207764 0.552710 0.206099 0.555229 0.205683 0.560684 0.210681 0.564880 0.213598 0.566141 0.215680 0.566560 0.218597 0.564880 0.221930 0.561944 0.224847 0.559425 0.230679 0.554390 0.231928 0.553971 0.232347 0.553971 0.234428 0.554809 0.237345 0.559006 0.238594 0.562783 0.240262 0.565300 0.247759 0.567399 0.248594 0.567399 0.250260 0.567399 0.255258 0.566560 0.258592 0.566141 0.263174 0.566141 0.266923 0.565300 0.269424 0.563622 0.271089 0.562364 0.272341 0.559425 0.272758 0.556487 0.274006 0.553551 0.275672 0.551871 0.279838 0.549774 0.280673 0.548094 0.281506 0.545155 0.283171 0.543897 0.284423 0.543478 0.284423 0.543478 0.286088 0.543897 0.288589 0.545577 0.291087 0.546836 0.293171 0.546836 0.294420 0.544736 0.294836 0.543897 0.294836 0.542639 0.294836 0.540539 0.294836 0.536762 0.295253 0.533826 0.296085 0.532565
0 0.223179 0.529210 0.224431 0.530888 0.224847 0.533826 0.223179 0.536762 0.220265 0.540120 0.216932 0.542639 0.214431 0.545577 0.211514 0.548932 0.208183 0.552290 0.205683 0.555648 0.203182 0.556906 0.199016 0.556487 0.196934 0.554809 0.194434 0.551452 0.193185 0.547255 0.192768 0.542219 0.192352 0.538023 0.191936 0.533826 0.194850 0.532565 0.199851 0.534246 0.205683 0.536343 0.211933 0.536343 0.215264 0.534665 0.218181 0.532146
0 0.274006 0.562364 0.274006 0.562364 0.275255 0.562364 0.279838 0.562364 0.283171 0.561944 0.286504 0.560264 0.287337 0.560264 0.289005 0.562364 0.289005 0.564880 0.288589 0.567399 0.289005 0.569077 0.290254 0.570757 0.292755 0.573273 0.293587 0.576212 0.291919 0.577470 0.287753 0.577892 0.281922 0.578731 0.278172 0.580828 0.271506 0.583347 0.270257 0.582928 0.270257 0.577470 0.267756 0.574954 0.263174 0.571596 0.256091 0.571176 0.249843 0.571176 0.249011 0.566560 0.252760 0.566141 0.254426 0.566141 0.262341 0.566141 0.269424 0.565300
0 0.234428 0.557326 0.234012 0.556487 0.228597 0.556906 0.224431 0.560264 0.221930 0.563203 0.219013 0.566141 0.217764 0.569077 0.219013 0.572015 0.221930 0.573696 0.224015 0.572435 0.224015 0.572435 0.226513 0.576631 0.228181 0.577892 0.231928 0.577892 0.235261 0.577470 0.238178 0.575792 0.240262 0.575373 0.248178 0.575373 0.248594 0.574534 0.248178 0.570757 0.246510 0.568238 0.241095 0.567819 0.239427 0.566980 0.237762 0.562364
