0 0.441351 0.301010 0.438799 0.299751 0.435820 0.299751 0.433268 0.300591 0.430716 0.302269 0.429015 0.303109 0.426888 0.304787 0.425187 0.306048 0.420932 0.307307 0.418380 0.307726 0.414125 0.307726 0.409872 0.308566 0.406896 0.309403 0.402641 0.311502 0.401365 0.312343 0.400089 0.315279 0.399664 0.319056 0.399237 0.321995 0.400089 0.325772 0.401365 0.328708 0.402216 0.330389 0.403492 0.332906 0.405193 0.335843 0.408172 0.340041 0.410297 0.343818 0.412424 0.346754 0.414125 0.349693 0.417528 0.353051 0.419232 0.355148 0.421784 0.357666 0.423908 0.358924 0.425612 0.359765 0.427739 0.361864 0.428588 0.363541 0.431140 0.368158 0.432843 0.371516 0.434544 0.372775 0.437523 0.373194 0.439648 0.373194 0.440924 0.373194 0.443051 0.372356 0.445603 0.371095 0.448583 0.370257 0.451135 0.369417 0.452835 0.368158 0.454538 0.365640 0.456663 0.362282 0.457515 0.358924 0.457515 0.354729 0.457515 0.350112 0.457090 0.347176 0.456239 0.342559 0.455387 0.338361 0.455387 0.334584 0.455814 0.329548 0.457090 0.324513 0.456663 0.319477 0.454538 0.314020 0.453259 0.310244 0.452411 0.307307 0.449431 0.303949 0.447731 0.303109 0.445179 0.301850
0 0.303528 0.458388 0.302677 0.457969 0.300552 0.455030 0.298424 0.452094 0.297148 0.449576 0.296721 0.447055 0.295445 0.444959 0.295021 0.444119 0.292893 0.444119 0.289917 0.444537 0.286089 0.448317 0.284386 0.452094 0.285662 0.459228 0.287365 0.463005 0.289490 0.467200 0.293320 0.469299 0.295021 0.467622 0.297148 0.463424 0.299273 0.461746 0.300552 0.463005 0.304804 0.462583
0 0.304804 0.482729 0.304380 0.481051 0.303953 0.476853 0.303104 0.473495 0.302677 0.469718 0.301828 0.465941 0.300125 0.466360 0.297148 0.468041 0.294596 0.470140 0.292469 0.473076 0.290768 0.476853 0.289490 0.481051 0.289490 0.487345 0.291193 0.492381 0.293745 0.496579 0.294596 0.497417 0.295872 0.492800 0.300125 0.486927
0 0.330752 0.561207 0.329903 0.557430 0.326072 0.553654 0.323947 0.552813 0.316288 0.552395 0.312888 0.552395 0.308208 0.553654 0.307356 0.554494 0.307781 0.558689 0.309057 0.562466 0.310336 0.563306 0.314164 0.563306 0.317140 0.564146 0.322244 0.567501 0.323947 0.567923 0.326072 0.565405 0.327348 0.563725 0.329903 0.565824 0.334580 0.566242
0 0.353723 0.629614 0.353723 0.624579 0.352022 0.619962 0.350319 0.617022 0.348619 0.614926 0.347343 0.614926 0.343939 0.617444 0.342239 0.620802 0.341811 0.624997 0.343087 0.630873 0.344791 0.635909 0.345215 0.639267 0.346491 0.643462 0.349043 0.640525 0.351595 0.638008 0.357126 0.638008 0.357978 0.638008 0.359254 0.636327
0 0.554499 0.692983 0.553650 0.691305 0.549395 0.689206 0.544716 0.687947 0.540888 0.687947 0.538760 0.691724 0.537911 0.695501 0.534508 0.700118 0.531531 0.703476 0.531956 0.706834 0.535359 0.707252 0.541315 0.704316 0.544291 0.701377 0.547268 0.698859 0.548971 0.698859 0.552374 0.700118 0.554499 0.698440
0 0.688069 0.581352 0.686793 0.577575 0.682538 0.572958 0.677434 0.570019 0.671054 0.568760 0.664247 0.572118 0.662971 0.579253 0.665098 0.586388 0.669351 0.591423 0.678710 0.593103 0.682963 0.592682 0.686366 0.590583 0.692322 0.589324 0.695725 0.588905 0.697853 0.587646 0.697853 0.587228 0.691046 0.585129 0.689345 0.585129
0 0.670202 0.559108 0.668502 0.555331 0.664671 0.550714 0.661270 0.547778 0.658291 0.547778 0.654039 0.554912 0.652763 0.559108 0.652336 0.566242 0.657015 0.570019 0.664671 0.570441 0.668502 0.570441 0.671054 0.570441 0.673606 0.568760 0.675307 0.566664
0 0.465598 0.371516 0.465171 0.370257 0.462619 0.366059 0.460918 0.362704 0.458791 0.358924 0.456663 0.361024 0.455387 0.363123 0.452835 0.365640 0.450283 0.369836 0.449859 0.372356 0.456239 0.374034 0.460491 0.374034 0.463895 0.376133 0.466447 0.376133 0.472827 0.375712 0.474530 0.375712 0.476657 0.375712 0.478358 0.374874 0.478782 0.372356 0.478358 0.372356 0.474530 0.372356 0.471551 0.371935 0.470275 0.371935
0 0.492394 0.290520 0.491545 0.290520 0.483037 0.288002 0.480485 0.287581 0.475806 0.288421 0.470275 0.291357 0.466447 0.293875 0.463470 0.296396 0.462619 0.301010 0.462619 0.305208 0.464322 0.308566 0.466022 0.309825 0.467723 0.309825 0.469426 0.305208 0.470275 0.302690 0.473254 0.299332 0.477933 0.296814 0.483037 0.294715 0.488993 0.294715 0.492821 0.294715
0 0.509836 0.299332 0.507284 0.297655 0.502178 0.295556 0.493245 0.294715 0.488566 0.294715 0.480058 0.295974 0.472827 0.299751 0.469850 0.305627 0.468150 0.311084 0.466874 0.318218 0.465171 0.327449 0.462194 0.336683 0.461343 0.345917 0.461343 0.354729 0.462619 0.363541 0.463895 0.366059 0.467298 0.369417 0.473254 0.371516 0.480910 0.371095 0.486014 0.368158 0.489842 0.365640 0.494097 0.367318 0.495373 0.368577 0.501753 0.368577 0.508133 0.364381 0.510685 0.362282 0.511964 0.356407 0.512388 0.351790 0.509409 0.346754 0.508133 0.342137 0.508133 0.335424 0.508985 0.328290 0.508133 0.323254 0.505157 0.317797 0.505157 0.313180 0.508560 0.306886 0.511112 0.303949
0 0.529828 0.283385 0.529828 0.283385 0.523024 0.282126 0.520469 0.281705 0.516641 0.281705 0.512813 0.282126 0.507709 0.285482 0.503881 0.288840 0.500053 0.291779 0.497074 0.293456 0.497501 0.295556 0.501329 0.295974 0.506857 0.296814 0.508560 0.297655 0.514940 0.297233 0.518768 0.293875 0.521320 0.290939 0.526000 0.288002 0.528128 0.287162
0 0.545143 0.297233 0.543867 0.294297 0.540463 0.290939 0.538760 0.287581 0.534932 0.286322 0.530252 0.286322 0.525576 0.288421 0.519620 0.290939 0.516216 0.296396 0.516216 0.301010 0.517068 0.307307 0.517068 0.315701 0.514940 0.324094 0.513240 0.332066 0.513240 0.340041 0.512813 0.347594 0.514089 0.354729 0.516641 0.361442 0.519193 0.364800 0.522172 0.366899 0.524724 0.368577 0.527276 0.370676 0.530680 0.369417 0.534083 0.364800 0.536635 0.359346 0.539612 0.350952 0.540036 0.346336 0.541315 0.340041 0.542164 0.335843 0.543867 0.330389 0.545567 0.323254 0.546419 0.316538 0.546419 0.308985 0.546419 0.303109
0 0.613201 0.312761 0.612777 0.309403 0.610225 0.303528 0.607673 0.301010 0.602569 0.297655 0.596186 0.295556 0.591933 0.292198 0.588530 0.288421 0.584702 0.287162 0.577046 0.286322 0.567687 0.286322 0.562158 0.286743 0.555351 0.288840 0.552799 0.290939 0.550247 0.295556 0.550247 0.301850 0.550247 0.306886 0.549395 0.314860 0.548544 0.324094 0.546843 0.331226 0.544291 0.338361 0.542164 0.344236 0.538760 0.353889 0.536635 0.359346 0.534083 0.367318 0.533656 0.371935 0.534508 0.373615 0.537911 0.374874 0.541739 0.376133 0.547695 0.377392 0.551523 0.376970 0.557479 0.375712 0.561731 0.375712 0.568963 0.375712 0.574918 0.375293 0.580874 0.373615 0.587678 0.369836 0.592785 0.365640 0.597462 0.360605 0.601293 0.355148 0.603417 0.350531 0.604269 0.344658 0.605545 0.337523 0.608524 0.332066 0.611076 0.329130 0.614053 0.322833 0.614053 0.319477
0 0.644255 0.324513 0.643404 0.321995 0.639151 0.317378 0.637024 0.314439 0.636172 0.314439 0.634044 0.314439 0.628940 0.316538 0.625964 0.320315 0.621284 0.326190 0.617029 0.332485 0.613201 0.339201 0.609373 0.346754 0.605969 0.354310 0.600441 0.360183 0.595337 0.367318 0.588530 0.374453 0.584702 0.379910 0.585978 0.383268 0.588105 0.384527 0.591509 0.385364 0.599589 0.385785 0.602569 0.384945 0.607245 0.380328 0.609373 0.375712 0.611925 0.370257 0.613628 0.366059 0.616180 0.361864 0.618732 0.357247 0.622560 0.352211 0.626388 0.346754 0.630644 0.340878 0.635320 0.336683 0.639151 0.331648
0 0.685942 0.651437 0.682963 0.651437 0.682114 0.651437 0.678710 0.653955 0.676583 0.656054 0.675307 0.656891 0.670627 0.656891 0.666374 0.656891 0.660843 0.657313 0.658291 0.659412 0.657867 0.661929 0.660419 0.663607 0.662546 0.663607 0.667226 0.661929 0.671903 0.661089 0.675731 0.660670 0.678710 0.659830 0.681262 0.658571 0.685090 0.656472
0 0.680838 0.650178 0.679562 0.649338 0.675307 0.647660 0.671479 0.644302 0.668502 0.641784 0.666799 0.640944 0.665098 0.642203 0.660843 0.645561 0.654039 0.647660 0.646380 0.647660 0.638724 0.647239 0.636596 0.647239 0.634896 0.650178 0.636596 0.651437 0.645531 0.652696 0.648935 0.653955 0.651911 0.658153 0.653187 0.659830 0.659143 0.658571 0.662119 0.658153 0.667650 0.656472 0.671054 0.656054 0.674882 0.654795
0 0.734860 0.570441 0.736560 0.573799 0.738264 0.578834 0.738264 0.583030 0.736560 0.585129 0.731032 0.589324 0.728480 0.591845 0.725501 0.593103 0.722097 0.593522 0.720397 0.592682 0.722524 0.589745 0.723800 0.588065 0.722949 0.585547 0.722097 0.583870 0.722097 0.581771 0.724652 0.581352 0.726352 0.581352 0.728053 0.581771 0.731032 0.579672 0.732308 0.577994 0.732732 0.576735
0 0.719121 0.569600 0.715293 0.571278 0.711465 0.572540 0.705509 0.573377 0.699553 0.573377 0.694874 0.573377 0.689770 0.573799 0.688918 0.574636 0.688069 0.577575 0.688494 0.581352 0.692746 0.585129 0.697426 0.585547 0.701681 0.585547 0.704657 0.585547 0.707209 0.585129 0.711465 0.582192 0.717420 0.579253 0.721673 0.578413 0.722949 0.577994
0 0.731881 0.559529 0.731032 0.556590 0.728053 0.557430 0.724652 0.562466 0.722524 0.565824 0.720821 0.570441 0.722097 0.575057 0.725501 0.577994 0.726777 0.579253 0.728480 0.579253 0.732732 0.573377 0.732732 0.570441
0 0.753151 0.447055 0.751875 0.441601 0.748472 0.434885 0.744644 0.433207 0.735712 0.431108 0.728053 0.435307 0.727628 0.437824 0.727204 0.440342 0.728480 0.444119 0.732308 0.446218 0.736988 0.446218 0.738264 0.445796 0.742092 0.451253 0.742940 0.455449 0.745068 0.460487 0.746344 0.461325 0.751024 0.458388 0.751875 0.454611
0 0.665098 0.337942 0.664671 0.335005 0.659994 0.331226 0.654888 0.327031 0.647232 0.326612 0.642552 0.330807 0.639151 0.335424 0.632768 0.345077 0.626388 0.353470 0.619584 0.360605 0.616605 0.366899 0.613628 0.375293 0.609800 0.382427 0.607673 0.386204 0.608949 0.391661 0.609800 0.393758 0.613201 0.395438 0.617029 0.398793 0.618308 0.405090 0.619584 0.407608 0.624688 0.410545 0.629368 0.410126 0.635320 0.406349 0.640000 0.401314 0.648935 0.394179 0.654888 0.392499 0.656591 0.393758 0.654888 0.399633 0.647232 0.404669 0.642552 0.407608 0.639151 0.412225 0.636596 0.418519 0.636596 0.423136 0.638724 0.426492 0.639576 0.429849 0.637024 0.433626 0.634896 0.434885 0.634896 0.438664 0.635320 0.442020 0.640427 0.447055 0.642979 0.449995 0.645104 0.453352 0.651911 0.460487 0.657442 0.463842 0.660419 0.465523 0.666799 0.466782 0.671054 0.466360 0.676158 0.465523 0.681262 0.463005 0.685515 0.461325 0.689345 0.461325 0.699129 0.461325 0.704233 0.460487 0.709761 0.458807 0.718696 0.455870 0.720821 0.457548 0.716144 0.463005 0.710613 0.465523 0.704657 0.469718 0.698277 0.471817 0.690194 0.473495 0.681262 0.473916 0.675307 0.475175 0.668926 0.478952 0.663822 0.483569 0.660843 0.489023 0.659567 0.494059 0.657867 0.500774 0.657015 0.507490 0.656591 0.512105 0.654888 0.518820 0.653612 0.530991 0.655315 0.536448 0.658718 0.541483 0.665947 0.551554 0.668926 0.556590 0.671479 0.561626 0.674882 0.567083 0.679562 0.570441 0.685090 0.571700 0.689770 0.572118 0.694874 0.572540 0.700405 0.572540 0.705933 0.572540 0.711889 0.570859 0.716144 0.569600 0.721673 0.566242 0.724652 0.562887 0.729329 0.555331 0.731881 0.551554 0.734436 0.545260 0.735284 0.542321 0.734860 0.541062 0.731456 0.540224 0.727204 0.541062 0.720397 0.544841 0.711037 0.545260 0.705933 0.543161 0.695298 0.533508 0.692746 0.530572 0.691897 0.527633 0.691046 0.524278 0.694874 0.523016 0.699553 0.523856 0.704657 0.525115 0.710613 0.527214 0.718696 0.530151 0.722949 0.530572 0.724652 0.530572 0.728480 0.527633 0.729756 0.523016 0.731032 0.518820 0.731881 0.515884 0.733584 0.514204 0.737412 0.510427 0.741240 0.507490 0.741240 0.504970 0.734860 0.502033 0.732732 0.504970 0.729756 0.509587 0.728053 0.510008 0.725928 0.507069 0.729329 0.502874 0.733584 0.499934 0.736136 0.496158 0.738264 0.491541 0.738264 0.484406 0.739540 0.478533 0.739964 0.471817 0.740816 0.465941 0.742092 0.461325 0.742092 0.455449 0.738264 0.450413 0.734008 0.449576 0.725501 0.447895 0.722524 0.444537 0.724225 0.440342 0.724225 0.436565 0.722097 0.430690 0.722949 0.425654 0.720397 0.420619 0.711037 0.419360 0.708913 0.421877 0.704233 0.424814 0.700829 0.426073 0.697853 0.423974 0.698702 0.419778 0.702105 0.415161 0.703806 0.409704 0.708061 0.404669 0.714868 0.399215 0.719972 0.395857 0.723373 0.392499 0.726777 0.389141 0.728053 0.385364 0.728053 0.379488 0.724225 0.369417 0.722524 0.366481 0.720397 0.362282 0.719121 0.359346 0.714017 0.357247 0.711889 0.356828 0.705085 0.356828 0.694022 0.359765 0.678286 0.371516 0.674882 0.372775 0.672755 0.372775 0.666374 0.368577 0.664247 0.362282 0.663822 0.356407 0.661270 0.345495
0 0.652763 0.562466 0.651487 0.560788 0.650635 0.559948 0.648083 0.561207 0.647232 0.562047 0.640852 0.561207 0.640427 0.563306 0.642552 0.574636 0.641276 0.579253 0.638724 0.581771 0.632344 0.584710 0.625537 0.585547 0.622136 0.585547 0.619157 0.585547 0.616605 0.589324 0.616180 0.593522 0.614904 0.596880 0.612352 0.600657 0.611925 0.603593 0.613628 0.605692 0.616605 0.606111 0.624261 0.606111 0.628092 0.605274 0.634044 0.602756 0.642128 0.601497 0.648083 0.600657 0.654463 0.598976 0.659994 0.597299 0.662119 0.596040 0.663395 0.593941 0.663395 0.590583 0.663395 0.586806 0.663822 0.582192 0.665098 0.577994 0.664247 0.573377 0.657867 0.570441 0.653187 0.570019
0 0.717845 0.583870 0.712741 0.583870 0.705933 0.585547 0.701254 0.587646 0.696150 0.590164 0.691897 0.591845 0.688918 0.593941 0.688494 0.596880 0.686366 0.600657 0.684666 0.603175 0.684666 0.606951 0.687218 0.610309 0.691470 0.611149 0.696150 0.611149 0.699978 0.609469 0.706785 0.606111 0.710613 0.603175 0.714017 0.598976 0.715717 0.593941
0 0.690621 0.596459 0.690621 0.595200 0.690194 0.593941 0.686366 0.592263 0.684239 0.591845 0.676583 0.593103 0.670202 0.594362 0.663822 0.596040 0.656591 0.597299 0.648508 0.598976 0.640000 0.601076 0.636596 0.603175 0.634896 0.608210 0.635748 0.612827 0.643828 0.618703 0.647232 0.619543 0.654463 0.619962 0.661270 0.618703 0.668502 0.616185 0.675307 0.611987 0.680411 0.608629
0 0.607245 0.612827 0.607245 0.612408 0.603845 0.606111 0.602993 0.605274 0.596613 0.601497 0.592785 0.600657 0.587678 0.600657 0.585126 0.599398 0.583850 0.598558 0.580874 0.598558 0.578746 0.600657 0.577470 0.604015 0.573642 0.607791 0.571942 0.610309 0.570239 0.614926 0.568111 0.617863 0.567262 0.622061 0.570666 0.625837 0.577046 0.627515 0.578746 0.627096 0.580874 0.624157 0.583426 0.621639 0.588530 0.619962 0.593634 0.619543 0.597037 0.619543 0.600865 0.618703 0.603417 0.617444
0 0.544716 0.625416 0.543015 0.624579 0.538336 0.622479 0.532807 0.620802 0.529828 0.622479 0.526424 0.629614 0.525148 0.629614 0.522596 0.630873 0.523024 0.635068 0.526424 0.638426 0.528552 0.643883 0.528976 0.651437 0.527700 0.658571 0.527700 0.664866 0.527276 0.671160 0.524724 0.677458 0.523448 0.682493 0.520469 0.687529 0.517492 0.691724 0.514089 0.696341 0.510261 0.700118 0.506008 0.701798 0.500902 0.702635 0.494097 0.703057 0.491118 0.703894 0.490693 0.706834 0.493245 0.709770 0.496649 0.711869 0.499201 0.712288 0.503456 0.712288 0.506857 0.712709 0.514516 0.712709 0.519193 0.711029 0.523872 0.706834 0.525148 0.703894 0.526424 0.698859 0.529404 0.692146 0.532807 0.686689 0.535359 0.681653 0.538336 0.676196 0.541739 0.671582 0.544291 0.667805 0.548119 0.664447 0.549395 0.664026 0.549395 0.664447 0.550247 0.664447 0.550247 0.668224 0.546419 0.673259 0.543440 0.677876 0.542164 0.682493 0.542164 0.683752 0.543015 0.685430 0.544291 0.685430 0.545992 0.685848 0.550247 0.686270 0.553223 0.686270 0.557051 0.688369 0.561731 0.690465 0.567687 0.692146 0.575770 0.693404 0.583001 0.694242 0.592358 0.695082 0.597037 0.692146 0.602141 0.687110 0.607673 0.678295 0.611076 0.671160 0.613628 0.668643 0.617456 0.667384 0.623412 0.666965 0.628940 0.666965 0.634044 0.669064 0.634896 0.671160 0.631920 0.674937 0.626388 0.675777 0.626388 0.678295 0.629368 0.679554 0.634044 0.677876 0.635748 0.676196 0.637448 0.676196 0.640427 0.679135 0.642552 0.681653 0.644680 0.679975 0.646380 0.677876 0.650211 0.677036 0.652336 0.677036 0.655315 0.675777 0.656164 0.674100 0.654888 0.669901 0.651487 0.666125 0.648935 0.661929 0.645956 0.655632 0.641703 0.652696 0.637448 0.652696 0.634044 0.653536 0.633196 0.651018 0.634044 0.650178 0.634044 0.649338 0.631492 0.644721 0.628940 0.642625 0.628940 0.640107 0.628940 0.635490 0.628940 0.633391 0.627664 0.632132 0.623412 0.632132 0.619584 0.632132 0.616180 0.632551 0.609800 0.630454 0.604269 0.628774 0.602141 0.626675 0.601717 0.624157 0.601717 0.620802 0.601717 0.619122 0.596613 0.618703 0.587254 0.621221 0.585978 0.622061 0.582574 0.623738 0.580449 0.626256 0.580449 0.628774 0.583426 0.633391 0.584277 0.636749 0.583001 0.641366 0.579598 0.648079 0.577046 0.652277 0.575343 0.655632 0.568111 0.662348 0.566835 0.663188 0.563434 0.663607 0.560455 0.662767 0.556202 0.661508 0.552374 0.658990 0.548971 0.656054 0.546419 0.651437 0.543015 0.644302 0.541739 0.641784 0.540463 0.637167 0.540463 0.630033
0 0.443903 0.676199 0.443903 0.677036 0.442200 0.679554 0.440075 0.679975 0.436247 0.681234 0.432416 0.681653 0.429440 0.682912 0.428164 0.683331 0.427739 0.684589 0.429864 0.687110 0.432416 0.689628 0.434119 0.692564 0.435820 0.696762 0.436247 0.696762 0.440075 0.692983 0.443476 0.689628 0.447731 0.687110 0.449859 0.687110 0.450707 0.687110 0.451559 0.687529 0.451559 0.685848 0.449431 0.684171 0.447307 0.682072 0.445603 0.680813
0 0.512388 0.613246 0.506433 0.609891 0.501753 0.609050 0.497501 0.612827 0.497074 0.613246 0.491118 0.609891 0.489417 0.608629 0.485165 0.606533 0.480485 0.606951 0.477506 0.610309 0.476657 0.614086 0.471978 0.616604 0.466874 0.616185 0.464322 0.615764 0.460067 0.615764 0.454111 0.622479 0.451983 0.625416 0.450707 0.629195 0.451983 0.633391 0.452835 0.637167 0.450283 0.643043 0.448583 0.648919 0.448583 0.654373 0.447731 0.658153 0.446879 0.662767 0.446879 0.669483 0.448155 0.676196 0.449431 0.680394 0.453687 0.687110 0.456239 0.690887 0.458366 0.694663 0.461767 0.697600 0.466874 0.699699 0.472402 0.700118 0.477933 0.700118 0.483462 0.698859 0.487717 0.696762 0.494097 0.695501 0.502605 0.695501 0.507284 0.694242 0.512813 0.690047 0.517917 0.684589 0.520896 0.679554 0.523448 0.674100 0.523872 0.665706 0.524724 0.658571 0.524724 0.652277 0.524724 0.645561 0.525148 0.641366 0.521748 0.635490 0.518344 0.630873 0.518344 0.625837 0.516641 0.619543
0 0.376269 0.494059 0.375842 0.492800 0.372438 0.487764 0.369886 0.485665 0.368186 0.484406 0.365207 0.482729 0.357551 0.481051 0.352022 0.479792 0.348619 0.478952 0.341811 0.477274 0.337559 0.476853 0.329051 0.475594 0.320544 0.475594 0.315012 0.477274 0.311184 0.479371 0.307356 0.481888 0.303528 0.485246 0.300976 0.488186 0.297573 0.491962 0.297148 0.494480 0.296297 0.499516 0.295872 0.503292 0.296297 0.508749 0.297148 0.514625 0.298424 0.520498 0.300125 0.527633 0.301828 0.532668 0.304380 0.537707 0.310760 0.544001 0.314164 0.546519 0.321820 0.551136 0.323520 0.551973 0.327348 0.552813 0.333731 0.553654 0.335007 0.553654 0.339259 0.552813 0.346067 0.550296 0.349895 0.549037 0.357978 0.545679 0.363506 0.543161 0.369462 0.539384 0.375417 0.536448 0.380521 0.532668 0.381373 0.530991 0.381798 0.525536 0.382649 0.522178 0.384774 0.519239 0.388178 0.517143 0.391157 0.515884 0.391157 0.515884 0.391157 0.514625 0.389454 0.512945 0.386477 0.511686 0.383074 0.509168 0.379670 0.505391 0.377545 0.502033 0.377545 0.498675
0 0.407320 0.645561 0.406469 0.643883 0.404768 0.642625 0.402641 0.642625 0.397961 0.642625 0.394985 0.645142 0.391581 0.649338 0.391157 0.652277 0.393709 0.656472 0.397537 0.659830 0.400513 0.661508 0.403065 0.662767 0.406896 0.664447 0.409872 0.666544 0.410297 0.666965 0.412424 0.670323 0.414125 0.674937 0.414125 0.677036 0.413700 0.679135 0.413276 0.682072 0.415404 0.683752 0.421784 0.683752 0.425612 0.683752 0.426463 0.682912 0.428588 0.682072 0.429440 0.682072 0.434544 0.681234 0.440075 0.679135 0.442627 0.677036 0.443051 0.672001 0.442627 0.666965 0.441775 0.665706 0.437096 0.667805 0.431992 0.672001 0.429015 0.672841 0.425612 0.673259 0.421356 0.671160 0.417956 0.669064 0.415404 0.666965 0.412424 0.664447 0.410724 0.661929 0.408172 0.656891 0.406469 0.653114
0 0.409872 0.303949 0.409872 0.303528 0.408172 0.303109 0.403065 0.305627 0.400940 0.307307 0.398813 0.308985 0.396685 0.309403 0.394133 0.310662 0.392433 0.311084 0.391157 0.312761 0.390305 0.313180 0.388178 0.314860 0.387329 0.315701 0.388178 0.317378 0.389029 0.319056 0.388605 0.323254 0.387329 0.327449 0.386477 0.330389 0.384774 0.332066 0.381798 0.333325 0.378821 0.334165 0.378821 0.335843 0.381798 0.337523 0.383074 0.338361 0.383925 0.336264 0.383925 0.335005 0.386050 0.332906 0.392006 0.332906 0.396261 0.330389 0.398388 0.328708 0.399237 0.324513 0.399237 0.319896 0.399237 0.314860 0.400089 0.311921 0.402216 0.310244 0.404341 0.308985 0.407745 0.307726 0.411148 0.307307 0.415404 0.306467
0 0.400089 0.328290 0.400089 0.328290 0.397961 0.330389 0.396685 0.331226 0.394558 0.332485 0.392006 0.332906 0.390730 0.333747 0.388178 0.333747 0.387329 0.334165 0.386477 0.334584 0.385201 0.336264 0.384774 0.337523 0.384774 0.339620 0.386477 0.341719 0.388178 0.343399 0.389454 0.345495 0.390730 0.347594 0.392433 0.349272 0.393709 0.350952 0.395409 0.352630 0.396261 0.353051 0.399237 0.353889 0.401365 0.354729 0.402216 0.355569 0.405617 0.357247 0.409021 0.357247 0.411573 0.355569 0.412849 0.354310 0.412849 0.352630 0.412849 0.351371 0.412424 0.348853 0.411148 0.347176 0.410297 0.345917 0.408596 0.342559 0.407745 0.341300 0.406896 0.339620 0.405617 0.337523 0.403492 0.334584 0.402641 0.333325 0.402216 0.331648
0 0.377542 0.335843 0.374990 0.335843 0.373290 0.336264 0.371162 0.337523 0.369037 0.338361 0.366910 0.339620 0.363931 0.340041 0.360103 0.341300 0.356699 0.342137 0.354574 0.343818 0.352022 0.345917 0.349895 0.349272 0.349470 0.353470 0.351171 0.359346 0.352871 0.362704 0.354999 0.365640 0.357978 0.369417 0.360530 0.374453 0.362655 0.376970 0.365207 0.379488 0.366910 0.382846 0.369462 0.388303 0.370738 0.392499 0.372438 0.396275 0.374141 0.397534 0.378821 0.397956 0.383498 0.397956 0.387753 0.396275 0.391581 0.393758 0.397537 0.388303 0.399237 0.387044 0.404341 0.384105 0.407745 0.381587 0.411148 0.377811 0.412849 0.374034 0.412000 0.371095 0.410297 0.368158 0.408596 0.365222 0.407320 0.363123 0.405617 0.361024 0.403492 0.359765 0.400513 0.358506 0.396261 0.356828 0.394133 0.355569 0.392433 0.353889 0.390730 0.350531 0.389881 0.347594 0.388605 0.344658 0.386902 0.342559 0.385626 0.341719 0.383074 0.340041 0.381373 0.339201 0.379245 0.337523
0 0.356699 0.342137 0.355423 0.341719 0.353298 0.340460 0.351595 0.339201 0.350319 0.338782 0.349470 0.340041 0.349470 0.341719 0.349043 0.342978 0.348194 0.344236 0.344363 0.346754 0.342663 0.347594 0.340535 0.348435 0.340535 0.348435 0.340963 0.349272 0.343515 0.350112 0.344363 0.351371 0.345639 0.353470 0.346491 0.355148 0.347343 0.358087 0.347767 0.361024 0.348194 0.364381 0.348619 0.365640 0.349895 0.366481 0.353298 0.364800 0.353723 0.364800 0.353298 0.362704 0.351595 0.360183 0.351171 0.358087 0.350746 0.355569 0.350319 0.353051 0.349895 0.351371 0.349895 0.349272 0.351171 0.347176 0.352022 0.345917 0.353723 0.344236
0 0.353298 0.365222 0.353298 0.365222 0.349043 0.366059 0.348194 0.366481 0.347767 0.368158 0.347767 0.369836 0.347767 0.372775 0.347767 0.374874 0.347343 0.376970 0.346067 0.378651 0.345639 0.380328 0.346067 0.382427 0.348619 0.384945 0.351595 0.387044 0.353298 0.388303 0.354574 0.389562 0.355850 0.391240 0.356275 0.391240 0.358402 0.392080 0.360103 0.392499 0.362230 0.393758 0.363931 0.395438 0.365634 0.396275 0.366910 0.396275 0.364782 0.392499 0.363931 0.390400 0.363931 0.389981 0.366483 0.390400 0.367761 0.390821 0.368610 0.389562 0.368186 0.387463 0.367761 0.384945 0.366483 0.382427 0.366058 0.381587 0.364358 0.380328 0.363082 0.379070 0.361379 0.377392 0.360530 0.376133 0.359254 0.373194 0.358402 0.370676 0.357551 0.368577 0.356699 0.366481
0 0.370313 0.394179 0.368610 0.390821 0.367761 0.390821 0.367334 0.390821 0.366910 0.390821 0.366910 0.392920 0.368186 0.394598 0.368186 0.395438 0.366910 0.397115 0.365634 0.397956 0.365634 0.399633 0.365634 0.402573 0.366910 0.405090 0.369037 0.406349 0.371162 0.408446 0.372865 0.409704 0.376266 0.410966 0.379670 0.410545 0.381373 0.409704 0.383498 0.408446 0.386050 0.407187 0.387753 0.405928 0.388178 0.403410 0.388605 0.400473 0.389881 0.397115 0.389881 0.395857 0.389881 0.395857 0.388605 0.396697 0.385201 0.397956 0.383074 0.398374 0.377545 0.397956 0.374990 0.397534 0.373290 0.396697
0 0.429440 0.369836 0.428588 0.366481 0.426463 0.363541 0.424760 0.361442 0.422632 0.359346 0.420508 0.357666 0.418804 0.356407 0.414552 0.356407 0.413276 0.358087 0.412849 0.361024 0.413700 0.365222 0.414552 0.368158 0.415404 0.371516 0.416680 0.374034 0.417528 0.374453 0.422632 0.373615 0.423908 0.373194 0.426463 0.372356 0.427739 0.372356
0 0.355850 0.448317 0.353723 0.447477 0.349895 0.442020 0.348619 0.439923 0.345215 0.436984 0.340963 0.434048 0.337983 0.431530 0.335856 0.429849 0.333731 0.427750 0.331603 0.426073 0.330327 0.425654 0.326499 0.424395 0.323520 0.423555 0.321820 0.423555 0.317140 0.423555 0.312036 0.423555 0.309484 0.423555 0.306505 0.425654 0.303528 0.428591 0.302252 0.431108 0.300976 0.434885 0.299700 0.436565 0.298849 0.440761 0.297997 0.444537 0.298424 0.447895 0.300552 0.452931 0.303528 0.457129 0.305656 0.459647 0.310336 0.464264 0.317564 0.468459 0.323520 0.470977 0.329476 0.470977 0.335856 0.470558 0.342239 0.469299 0.347767 0.468041 0.350319 0.467622 0.356275 0.467200 0.355850 0.462583 0.354999 0.458388 0.356699 0.452512
0 0.356275 0.424814 0.353298 0.426073 0.350319 0.427332 0.347343 0.429012 0.344791 0.429849 0.343087 0.430690 0.342239 0.431949 0.342663 0.434466 0.344791 0.436984 0.346491 0.438664 0.349470 0.440761 0.351595 0.443279 0.353298 0.446637 0.354574 0.447477 0.356699 0.448317 0.361379 0.448317 0.362230 0.448317 0.363931 0.447895 0.366058 0.447477 0.366910 0.447055 0.366483 0.446218 0.363931 0.444537 0.361806 0.442860 0.359678 0.441182 0.357551 0.437403 0.357126 0.434048 0.356699 0.430271 0.356699 0.428172
0 0.468999 0.612408 0.466874 0.609891 0.463895 0.606533 0.459642 0.602756 0.454963 0.601497 0.453259 0.601497 0.452835 0.604433 0.453259 0.608629 0.450707 0.615764 0.448155 0.618281 0.447307 0.618703 0.446455 0.619122 0.446455 0.622061 0.444755 0.623320 0.442627 0.623738 0.438799 0.624157 0.434119 0.624157 0.427739 0.624157 0.422208 0.626256 0.417956 0.629195 0.413276 0.633810 0.410724 0.638008 0.408596 0.643883 0.407745 0.648079 0.408172 0.650597 0.409448 0.654373 0.412000 0.659830 0.413700 0.663188 0.415404 0.667384 0.418804 0.669901 0.423484 0.671160 0.427312 0.671160 0.431140 0.669901 0.435820 0.667384 0.440075 0.663188 0.442200 0.659412 0.444755 0.653536 0.445603 0.648079 0.445603 0.643462 0.444755 0.640107 0.443903 0.636327 0.445603 0.630873 0.447731 0.628774 0.449859 0.626256 0.454538 0.621221 0.457515 0.617863 0.459642 0.615345 0.461767 0.613667 0.464746 0.613246
0 0.318840 0.467200 0.312460 0.463005 0.309908 0.462583 0.307781 0.462583 0.306080 0.465523 0.305656 0.467622 0.305656 0.470140 0.304804 0.473916 0.305229 0.477274 0.307356 0.478952 0.310760 0.478952 0.315012 0.476013 0.317564 0.474754 0.321395 0.473076 0.323096 0.472657 0.329903 0.473916 0.335856 0.474754 0.341387 0.476434 0.344791 0.477693 0.349043 0.478112 0.350746 0.478112 0.352871 0.476853 0.354147 0.476853 0.355850 0.478112 0.357551 0.479371 0.360103 0.480211 0.362230 0.480211 0.366910 0.480211 0.363506 0.478112 0.361806 0.477274 0.358402 0.473495 0.355423 0.469718 0.353298 0.468041 0.353298 0.468041 0.351171 0.468041 0.347767 0.468881 0.344791 0.470140 0.340963 0.470140 0.333304 0.470140 0.330752 0.470140 0.326499 0.469718
0 0.441775 0.599817 0.439648 0.599398 0.437096 0.596040 0.434544 0.593103 0.433268 0.591004 0.431567 0.588487 0.430291 0.585969 0.429864 0.584710 0.429864 0.584710 0.425612 0.584710 0.423484 0.584710 0.420080 0.584288 0.416252 0.583870 0.412849 0.585129 0.410724 0.587228 0.409448 0.589324 0.407745 0.592682 0.406469 0.594362 0.404341 0.595621 0.400513 0.596459 0.396685 0.594781 0.393709 0.592682 0.392006 0.591845 0.389881 0.591004 0.386902 0.591004 0.382649 0.591004 0.378394 0.591004 0.375417 0.591004 0.372865 0.591004 0.372438 0.591845 0.373290 0.593941 0.376693 0.596880 0.377545 0.598558 0.378394 0.601076 0.378821 0.606111 0.378821 0.609469 0.378821 0.614926 0.378821 0.619962 0.380946 0.622061 0.382649 0.622898 0.385201 0.623320 0.385626 0.621221 0.384774 0.617444 0.384774 0.613667 0.385201 0.609050 0.386477 0.605692 0.389029 0.603593 0.393709 0.603593 0.397961 0.603593 0.405193 0.604852 0.407320 0.606111 0.409021 0.606533 0.410297 0.606533 0.412424 0.605274 0.415404 0.603175 0.417956 0.601076 0.420508 0.599398 0.424760 0.598139 0.427739 0.598139 0.433692 0.598139
0 0.403917 0.566242 0.406044 0.566242 0.409448 0.566242 0.412849 0.566664 0.415404 0.569182 0.415828 0.572958 0.415828 0.578413 0.417956 0.581352 0.418380 0.583870 0.413276 0.585129 0.410297 0.589745 0.407745 0.593522 0.405617 0.595200 0.402216 0.595621 0.398813 0.594362 0.394133 0.591423 0.392006 0.590583 0.390305 0.588905 0.391581 0.587228 0.394133 0.585969 0.397537 0.584710 0.399664 0.583030 0.401789 0.580512 0.402641 0.577994 0.403065 0.574217 0.403065 0.571700
0 0.401365 0.546938 0.399664 0.544001 0.395834 0.540224 0.389881 0.539384 0.383498 0.542742 0.381373 0.544420 0.377118 0.547778 0.371589 0.550714 0.367334 0.551554 0.361806 0.551554 0.357126 0.551973 0.353298 0.553235 0.349470 0.555753 0.346067 0.559529 0.345215 0.562466 0.344363 0.567083 0.344363 0.572118 0.346067 0.576735 0.347767 0.579672 0.349895 0.582192 0.351595 0.585129 0.352447 0.587646 0.351595 0.591845 0.349043 0.595200 0.346491 0.597718 0.345215 0.602756 0.348194 0.605692 0.349470 0.606111 0.352447 0.603175 0.354574 0.598558 0.356275 0.595200 0.358827 0.592263 0.362655 0.590164 0.368610 0.589745 0.370313 0.589745 0.372865 0.589745 0.384350 0.588487 0.386477 0.588065 0.392006 0.586806 0.396685 0.584710 0.399664 0.581771 0.401789 0.577575 0.402216 0.569600 0.402641 0.566242 0.403492 0.563725 0.403492 0.559108 0.402641 0.552813
