0 0.683633 0.335362 0.679281 0.327531 0.676668 0.325791 0.657526 0.317092 0.654046 0.314480 0.646209 0.310128 0.634898 0.309260 0.625327 0.310128 0.614883 0.310128 0.605311 0.312740 0.599219 0.317959 0.590515 0.323184 0.578332 0.325791 0.564408 0.324051 0.559189 0.321439 0.551357 0.319699 0.545265 0.317959 0.532209 0.311867 0.522638 0.307515 0.519158 0.307515 0.514806 0.311000 0.514806 0.314480 0.521770 0.317959 0.526990 0.320571 0.533082 0.324051 0.540041 0.328403 0.549617 0.340587 0.555709 0.352770 0.559189 0.362342 0.556577 0.364954 0.551357 0.366694 0.544393 0.362342 0.540041 0.359730 0.539173 0.360602 0.535694 0.364954 0.533082 0.368434 0.533082 0.376265 0.533082 0.384097 0.535694 0.388449 0.540041 0.389321 0.543526 0.389321 0.549617 0.389321 0.552224 0.390189 0.560056 0.394541 0.570500 0.395408 0.581816 0.395408 0.589648 0.384969 0.592255 0.378005 0.596607 0.371913 0.603571 0.367561 0.607923 0.363214 0.604439 0.357122 0.604439 0.351031 0.608791 0.344066 0.614015 0.339714 0.621847 0.338847 0.641862 0.337107 0.647082 0.337974 0.657526 0.343199 0.667969 0.343199 0.673189 0.347546
0 0.551357 0.357990 0.551357 0.352770 0.550485 0.346679 0.547878 0.343199 0.545265 0.338847 0.540913 0.334495 0.537434 0.331015 0.533949 0.328403 0.529602 0.324923 0.526117 0.324051 0.516546 0.321439 0.513934 0.321439 0.511327 0.322311 0.510454 0.326663 0.513934 0.330143 0.513934 0.331883 0.508714 0.335362 0.511327 0.338847 0.520026 0.342327 0.526117 0.345806 0.532209 0.349291 0.540913 0.354510 0.549617 0.359730
0 0.546133 0.292724 0.544393 0.290112 0.539173 0.284893 0.535694 0.280541 0.530469 0.276189 0.523510 0.272709 0.506974 0.264878 0.501755 0.264878 0.495663 0.264878 0.485219 0.267485 0.479995 0.270969 0.478255 0.277061 0.481740 0.283153 0.484347 0.289245 0.486087 0.290112 0.487832 0.286633 0.491311 0.284893 0.495663 0.289245 0.497403 0.292724 0.500883 0.295332 0.503495 0.297077 0.508714 0.297944 0.514806 0.294464 0.513934 0.289245 0.513066 0.286633 0.520026 0.287500 0.527862 0.293592 0.529602 0.293592
0 0.527862 0.295332 0.523510 0.291852 0.520898 0.290985 0.517418 0.290985 0.516546 0.292724 0.514806 0.297077 0.513066 0.299684 0.507847 0.300556 0.503495 0.300556 0.499143 0.302296 0.494791 0.304908 0.489571 0.308388 0.481740 0.311867 0.471296 0.319699 0.473036 0.324923 0.477388 0.330143 0.480867 0.332755 0.485219 0.332755 0.490439 0.330143 0.495663 0.326663 0.500010 0.321439 0.506102 0.320571 0.509587 0.320571 0.513934 0.320571 0.521770 0.321439 0.521770 0.320571 0.514806 0.316219 0.512194 0.312740 0.513934 0.307515 0.518286 0.306648 0.523510 0.305776 0.527862 0.305776 0.535694 0.313607 0.547878 0.313607 0.551357 0.312740 0.553964 0.309260 0.549617 0.308388 0.546133 0.307515 0.548745 0.301423 0.549617 0.295332 0.543526 0.294464 0.540041 0.295332
0 0.495663 0.293592 0.494791 0.290985 0.491311 0.290985 0.487832 0.292724 0.482607 0.294464 0.476515 0.292724 0.467816 0.292724 0.463464 0.297944 0.465204 0.300556 0.470423 0.302296 0.475648 0.302296 0.477388 0.302296 0.474776 0.311000 0.473036 0.315347 0.476515 0.317092 0.488699 0.310128 0.493918 0.306648 0.497403 0.302296
0 0.471296 0.304036 0.469556 0.304908 0.465204 0.306648 0.459112 0.311000 0.454760 0.312740 0.452148 0.312740 0.438224 0.310128 0.434745 0.308388 0.430393 0.305776 0.427786 0.305776 0.424301 0.305776 0.423434 0.305776 0.422561 0.314480 0.426041 0.317959 0.430393 0.320571 0.433872 0.327531 0.437357 0.331883 0.440837 0.334495 0.440837 0.342327 0.446056 0.344939 0.452148 0.345806 0.459980 0.338847 0.464332 0.331883 0.465204 0.324051 0.465204 0.318832 0.471296 0.314480
0 0.429526 0.320571 0.429526 0.324051 0.430393 0.331015 0.432133 0.336235 0.429526 0.338847 0.422561 0.339714 0.419949 0.341454 0.419949 0.343199 0.419949 0.346679 0.423434 0.350158 0.423434 0.352770 0.414730 0.354510 0.410378 0.355378 0.404286 0.357122 0.402546 0.356250 0.402546 0.345806 0.403418 0.338847 0.406026 0.333622 0.411250 0.333622 0.417342 0.334495 0.420821 0.334495 0.422561 0.334495 0.424301 0.326663
0 0.400806 0.329276 0.400806 0.330143 0.402546 0.336235 0.402546 0.340587 0.402546 0.346679 0.399934 0.351898 0.398194 0.355378 0.394714 0.357990 0.389495 0.359730 0.388622 0.364082 0.389495 0.369306 0.392102 0.378005 0.395587 0.381485 0.399066 0.388449 0.394714 0.389321 0.390362 0.385837 0.385143 0.381485 0.380791 0.379745 0.379051 0.378878 0.372087 0.377138 0.369480 0.372786 0.367740 0.368434 0.372959 0.358862 0.375571 0.354510 0.374699 0.342327 0.372959 0.339714 0.374699 0.337974 0.383403 0.337974 0.387755 0.338847 0.391235 0.337974
0 0.428653 0.360602 0.427786 0.359730 0.422561 0.357122 0.417342 0.357122 0.409510 0.357990 0.401679 0.359730 0.392974 0.361469 0.390362 0.362342 0.392974 0.375393 0.394714 0.378005 0.398194 0.384097 0.401679 0.390189 0.402546 0.394541 0.404286 0.401500 0.408638 0.412816 0.409510 0.414556 0.411250 0.401500 0.412990 0.393668 0.421694 0.386709 0.419949 0.380617 0.416469 0.377138 0.418209 0.370173
0 0.479128 0.359730 0.474776 0.357990 0.471296 0.355378 0.466071 0.351898 0.461724 0.349291 0.454760 0.345806 0.445189 0.344939 0.437357 0.344066 0.428653 0.344066 0.423434 0.344939 0.422561 0.347546 0.423434 0.352770 0.427786 0.355378 0.433005 0.356250 0.438224 0.357122 0.444316 0.360602 0.448668 0.366694 0.459112 0.371046 0.464332 0.362342 0.473036 0.362342
0 0.512194 0.326663 0.510454 0.323184 0.506102 0.323184 0.499143 0.326663 0.492179 0.333622 0.488699 0.334495 0.481740 0.334495 0.477388 0.332755 0.473036 0.325791 0.470423 0.322311 0.468684 0.323184 0.465204 0.328403 0.460852 0.335362 0.459980 0.344066 0.462592 0.347546 0.466944 0.352770 0.473903 0.357990 0.474776 0.357990 0.479128 0.355378 0.481740 0.350158 0.483480 0.343199 0.484347 0.343199 0.492179 0.349291 0.497403 0.346679 0.500883 0.343199 0.505235 0.338847 0.508714 0.337107
0 0.528730 0.361469 0.529602 0.356250 0.529602 0.351031 0.528730 0.350158 0.518286 0.346679 0.512194 0.343199 0.506974 0.343199 0.499143 0.347546 0.494791 0.351898 0.488699 0.362342 0.487832 0.365821 0.486959 0.369306 0.487832 0.374526 0.493918 0.378005 0.496531 0.384969 0.501755 0.389321 0.511327 0.390189 0.522638 0.390189 0.529602 0.390189 0.530469 0.390189 0.531342 0.380617 0.528730 0.371913
0 0.486087 0.344939 0.486959 0.345806 0.489571 0.347546 0.490439 0.352770 0.489571 0.357122 0.486959 0.361469 0.484347 0.366694 0.479995 0.369306 0.475648 0.370173 0.473036 0.368434 0.473036 0.364082 0.478255 0.363214 0.481740 0.359730 0.484347 0.356250 0.484347 0.352770 0.484347 0.346679
0 0.373832 0.384097 0.370347 0.382357 0.365128 0.377138 0.361648 0.371046 0.357296 0.362342 0.355556 0.362342 0.339888 0.363214 0.326837 0.368434 0.317265 0.373653 0.311173 0.379745 0.312041 0.393668 0.319005 0.404112 0.329449 0.411077 0.336408 0.411077 0.345112 0.411077 0.353811 0.406724 0.364255 0.399760 0.371219 0.393668
0 0.405158 0.402372 0.406026 0.396281 0.402546 0.389321 0.379918 0.385837 0.373827 0.388449 0.363388 0.396281 0.355556 0.402372 0.352071 0.409337 0.356423 0.417168 0.365128 0.422388 0.373827 0.425867 0.384270 0.437184 0.394714 0.442403 0.405158 0.438923 0.409510 0.431959 0.410378 0.423260 0.407770 0.414556
0 0.321617 0.431959 0.325964 0.425867 0.327709 0.422388 0.327709 0.414556 0.319872 0.405852 0.312913 0.405852 0.299857 0.405852 0.283327 0.407592 0.279842 0.417168 0.282454 0.431092 0.288546 0.436311 0.295510 0.450235 0.299857 0.458066 0.305082 0.461546 0.321617 0.463291 0.325964 0.458939 0.327709 0.450235 0.325964 0.440663
0 0.386010 0.456327 0.382531 0.449367 0.377311 0.443276 0.362515 0.439791 0.361648 0.439791 0.347724 0.445883 0.341633 0.450235 0.334668 0.456327 0.331189 0.458939 0.325097 0.464158 0.322485 0.469383 0.325097 0.476342 0.335541 0.488526 0.339888 0.497230 0.343372 0.513760 0.345980 0.518112 0.346852 0.518985 0.354684 0.518112 0.358163 0.516372 0.360776 0.508541 0.360776 0.502449 0.356423 0.494617 0.352944 0.489398 0.352944 0.483306 0.358163 0.483306 0.364255 0.483306 0.369480 0.481561 0.378179 0.485913 0.378179 0.486786 0.386883 0.481561 0.390362 0.475474 0.390362 0.467638
0 0.279842 0.454587 0.275495 0.449367 0.271143 0.445015 0.260699 0.450235 0.254607 0.452847 0.246776 0.459806 0.245903 0.466770 0.249388 0.477214 0.247648 0.489398 0.244163 0.505929 0.245903 0.518112 0.249388 0.519852 0.264179 0.518112 0.273750 0.512893 0.284194 0.505061 0.293765 0.498097 0.303342 0.492005 0.308561 0.485913 0.308561 0.478082 0.305082 0.478082 0.299857 0.478082 0.290286 0.478082 0.277235 0.482434 0.270270 0.483306 0.265918 0.476342 0.268531 0.471122 0.278102 0.465031 0.283327 0.463291 0.290286 0.460679 0.293765 0.457199 0.294638 0.452847 0.285934 0.443276 0.281587 0.440663 0.279842 0.440663 0.283327 0.451107
0 0.339020 0.506801 0.339020 0.501577 0.334668 0.493745 0.322485 0.491138 0.314653 0.493745 0.312913 0.500709 0.305949 0.507668 0.303342 0.509413 0.303342 0.514633 0.312041 0.516372 0.317265 0.520724 0.324224 0.532908 0.328577 0.543352 0.332056 0.544219 0.338148 0.543352 0.342500 0.532036 0.339020 0.518112
0 0.310301 0.497230 0.309434 0.496357 0.301602 0.495490 0.295510 0.497230 0.289418 0.502449 0.284194 0.512893 0.283327 0.524204 0.284194 0.533776 0.288546 0.543352 0.297250 0.555536 0.302469 0.558143 0.312041 0.554663 0.312041 0.545092 0.310301 0.539000 0.303342 0.530296 0.301602 0.524204 0.298990 0.515505 0.301602 0.505929
0 0.305082 0.519852 0.308561 0.520724 0.312913 0.523337 0.317265 0.530296 0.320745 0.539000 0.324224 0.545092 0.329449 0.547699 0.334668 0.548571 0.336408 0.551184 0.338148 0.560755 0.341633 0.572066 0.347724 0.579898 0.352944 0.588602 0.357296 0.599046 0.358163 0.607745 0.359036 0.615582 0.359036 0.626020 0.361648 0.635597 0.366867 0.644296 0.369480 0.653000 0.371219 0.660832 0.365995 0.662571 0.358163 0.660832 0.350332 0.647776 0.345112 0.637337 0.340760 0.625153 0.328577 0.608617 0.325964 0.604265 0.318133 0.589474 0.316393 0.579031 0.316393 0.568587 0.309434 0.562495 0.308561 0.561622 0.315526 0.555536 0.315526 0.547699 0.313781 0.540740 0.306821 0.530296
0 0.360776 0.670403 0.355556 0.664311 0.352071 0.658219 0.345980 0.647776 0.342500 0.641684 0.339888 0.641684 0.334668 0.643429 0.324224 0.645168 0.322485 0.650388 0.323357 0.656480 0.326837 0.666923 0.328577 0.683459 0.327709 0.692158 0.327709 0.701730 0.328577 0.708694 0.334668 0.717398 0.339888 0.720878 0.345112 0.721745 0.354684 0.722617 0.365995 0.719138 0.373827 0.713913 0.379918 0.709566 0.379051 0.699990 0.369480 0.682587
0 0.411250 0.697383 0.406026 0.693031 0.399934 0.688679 0.392102 0.679107 0.386883 0.673883 0.378179 0.676495 0.375571 0.679974 0.377311 0.704342 0.380791 0.710434 0.387755 0.717398 0.403418 0.722617 0.406026 0.723490 0.412117 0.731321 0.418209 0.741760 0.419949 0.748724 0.419949 0.758296 0.414730 0.770480 0.401679 0.782663 0.409510 0.787883 0.413857 0.787883 0.426913 0.786143 0.442577 0.778311 0.450408 0.770480 0.454760 0.765260 0.463464 0.763520 0.469556 0.771352 0.471296 0.771352 0.473036 0.760036 0.479995 0.752204 0.489571 0.751337 0.500883 0.751337 0.507847 0.745245 0.508714 0.737413 0.507847 0.726097 0.502622 0.720878 0.492179 0.720005 0.486959 0.722617 0.481740 0.725230 0.479128 0.724357 0.479128 0.720005 0.482607 0.716526 0.482607 0.713046 0.474776 0.713913 0.471296 0.717398 0.467816 0.724357 0.461724 0.721745 0.461724 0.717398 0.460852 0.707821 0.457372 0.703474 0.453888 0.702602 0.447801 0.699990 0.440837 0.702602 0.438224 0.704342 0.430393 0.701730 0.425173 0.695643
0 0.380791 0.712173 0.372959 0.714786 0.361648 0.720005 0.345980 0.727837 0.338148 0.734801 0.339888 0.746985 0.350332 0.755689 0.354684 0.761776 0.372087 0.760036 0.384270 0.754816 0.397327 0.746112 0.407770 0.735673 0.406898 0.726969 0.398194 0.720878 0.384270 0.723490
0 0.407770 0.733929 0.413857 0.743505 0.415602 0.745245 0.417342 0.749597 0.418209 0.753944 0.418209 0.761776 0.415602 0.769612 0.411250 0.773959 0.405158 0.779184 0.399066 0.786143 0.393842 0.791367 0.386883 0.798327 0.379918 0.805291 0.374699 0.816602 0.369480 0.821821 0.360776 0.820954 0.352071 0.812250 0.359036 0.801806 0.355556 0.800939 0.352944 0.800939 0.348592 0.806158 0.345980 0.810510 0.340760 0.805291 0.340760 0.800066 0.341633 0.791367 0.348592 0.787015 0.359903 0.786143 0.368607 0.783536 0.377311 0.779184 0.381663 0.772219 0.381663 0.770480 0.384270 0.762648 0.387755 0.758296 0.392974 0.752204 0.399066 0.746985 0.404286 0.744372
0 0.513066 0.740020 0.513934 0.744372 0.517418 0.751337 0.523510 0.755689 0.530469 0.761776 0.532209 0.767867 0.532209 0.778311 0.528730 0.785276 0.524378 0.791367 0.519158 0.791367 0.513066 0.787015 0.511327 0.792235 0.511327 0.798327 0.513934 0.804418 0.513066 0.810510 0.507847 0.816602 0.503495 0.820954 0.498270 0.827046 0.493918 0.835750 0.490439 0.840097 0.484347 0.843582 0.482607 0.847061 0.473903 0.847061 0.467816 0.841837 0.465204 0.830526 0.465204 0.827046 0.470423 0.816602 0.477388 0.812250 0.483480 0.804418 0.487832 0.797459 0.490439 0.793107 0.491311 0.785276 0.490439 0.782663 0.486087 0.775704 0.479995 0.770480 0.479128 0.766128 0.479128 0.760908 0.480867 0.758296 0.487832 0.756556 0.495663 0.752204 0.500010 0.752204 0.503495 0.751337
0 0.540041 0.740020 0.549617 0.745245 0.566148 0.747852 0.575724 0.747852 0.581816 0.751337 0.590515 0.759168 0.591388 0.774832 0.588776 0.780923 0.586163 0.784403 0.581816 0.784403 0.579204 0.780051 0.579204 0.781791 0.577464 0.787015 0.573980 0.794847 0.573112 0.794847 0.568760 0.786143 0.567020 0.783536 0.564408 0.788755 0.562668 0.795719 0.561801 0.808770 0.560056 0.820082 0.557449 0.832265 0.553964 0.840097 0.548745 0.845321 0.544393 0.849673 0.539173 0.853153 0.532209 0.854893 0.527862 0.854020 0.527862 0.848801 0.529602 0.840969 0.526117 0.836617 0.526117 0.843582 0.523510 0.849673 0.520026 0.855765 0.514806 0.859245 0.511327 0.861852 0.500010 0.857505 0.500010 0.854893 0.497403 0.850541 0.494791 0.845321 0.497403 0.831398 0.506974 0.824434 0.513934 0.824434 0.520898 0.819214 0.520898 0.810510 0.528730 0.807031 0.536561 0.807031 0.544393 0.803551 0.544393 0.795719 0.541786 0.792235 0.542653 0.782663 0.541786 0.770480 0.539173 0.767000 0.537434 0.761776 0.537434 0.757429 0.540913 0.749597
0 0.633158 0.720005 0.630546 0.717398 0.620102 0.717398 0.611403 0.717398 0.606179 0.719138 0.602699 0.723490 0.601832 0.731321 0.602699 0.737413 0.596607 0.746985 0.596607 0.749597 0.602699 0.759168 0.606179 0.767000 0.606179 0.772219 0.606179 0.779184 0.612270 0.782663 0.617495 0.780051 0.621847 0.772219 0.627939 0.761776 0.634898 0.750464 0.637510 0.741760 0.637510 0.732189
0 0.595740 0.720878 0.591388 0.720878 0.584423 0.719138 0.580944 0.713046 0.577464 0.706954 0.569633 0.706954 0.553964 0.710434 0.545265 0.718265 0.542653 0.723490 0.542653 0.730449 0.545265 0.739153 0.552224 0.743505 0.566148 0.746985 0.573112 0.746985 0.583556 0.746985 0.593995 0.760036 0.594867 0.761776 0.594867 0.773092 0.591388 0.782663 0.589648 0.792235 0.591388 0.797459 0.594867 0.798327 0.598347 0.795719 0.600087 0.793974 0.604439 0.798327 0.608791 0.807898 0.612270 0.810510 0.616622 0.807898 0.616622 0.799199 0.614883 0.793974 0.607923 0.786143 0.604439 0.783536 0.603571 0.776571 0.606179 0.764388 0.596607 0.751337 0.596607 0.746985 0.598347 0.740893 0.598347 0.730449
0 0.606179 0.825306 0.606179 0.819214 0.603571 0.817474 0.587036 0.812250 0.585296 0.810510 0.586163 0.798327 0.586163 0.793107 0.576592 0.798327 0.571372 0.803551 0.567893 0.809643 0.564408 0.819214 0.558316 0.831398 0.550485 0.841837 0.547005 0.852281 0.552224 0.856633 0.557449 0.856633 0.570500 0.859245 0.571372 0.860112 0.581816 0.854020 0.588776 0.846189 0.593995 0.835750 0.599219 0.828786
0 0.594867 0.798327 0.597480 0.797459 0.605311 0.796587 0.611403 0.802679 0.614883 0.809643 0.619235 0.818342 0.621847 0.829658 0.622714 0.839230 0.621847 0.849673 0.616622 0.851413 0.608791 0.854020 0.600087 0.854020 0.591388 0.854020 0.589648 0.840969 0.596607 0.834878 0.600959 0.832265 0.605311 0.827913 0.607923 0.821821 0.607923 0.814862 0.603571 0.812250 0.598347 0.810510 0.588776 0.807898
0 0.620102 0.780923 0.622714 0.778311 0.629679 0.778311 0.634898 0.783536 0.640117 0.780923 0.644469 0.778311 0.648821 0.780923 0.650561 0.795719 0.648821 0.806158 0.644469 0.819214 0.640990 0.825306 0.634898 0.827046 0.628806 0.825306 0.622714 0.819214 0.614883 0.802679 0.614883 0.792235
0 0.674061 0.713913 0.670577 0.710434 0.665357 0.702602 0.662745 0.699990 0.654046 0.699990 0.644469 0.710434 0.640990 0.718265 0.635770 0.732189 0.630546 0.746985 0.626194 0.760908 0.629679 0.773959 0.636638 0.774832 0.641862 0.773959 0.648821 0.773959 0.651434 0.778311 0.652301 0.798327 0.654046 0.805291 0.658393 0.809643 0.666224 0.809643 0.675801 0.801806 0.682760 0.793974 0.691464 0.781791 0.699296 0.769612 0.704515 0.754816 0.705388 0.740020 0.705388 0.736541 0.712347 0.751337 0.712347 0.759168 0.708867 0.767000 0.701908 0.776571 0.700163 0.785276 0.704515 0.787883 0.715832 0.778311 0.721923 0.769612 0.726270 0.763520 0.729755 0.753944 0.729755 0.750464 0.731495 0.739153 0.728883 0.723490 0.721923 0.717398 0.713219 0.713046 0.708867 0.713046 0.699296 0.720005 0.693204 0.725230 0.681893 0.723490
0 0.686240 0.656480 0.676668 0.660832 0.672316 0.664311 0.667969 0.668663 0.663617 0.675628 0.662745 0.683459 0.667097 0.687806 0.673189 0.690418 0.681893 0.693898 0.682760 0.693898 0.682760 0.693898 0.676668 0.684327 0.677541 0.676495 0.679281 0.670403
0 0.687985 0.658219 0.686240 0.661699 0.684500 0.671276 0.684500 0.678235 0.685372 0.686066 0.692332 0.693031 0.697556 0.698250 0.706255 0.708694 0.714092 0.713913 0.720179 0.715658 0.724531 0.718265 0.728883 0.720878 0.734107 0.725230 0.736714 0.727837 0.739327 0.733929 0.742806 0.740893 0.746286 0.745245 0.750638 0.751337 0.754122 0.755689 0.762821 0.757429 0.769786 0.759168 0.776745 0.757429 0.782837 0.754816 0.782837 0.748724 0.778485 0.742633 0.773265 0.735673 0.775005 0.729582 0.785449 0.730449 0.789801 0.731321 0.793281 0.718265 0.789801 0.713913 0.787189 0.706954 0.785449 0.706082 0.776745 0.706082 0.765434 0.704342 0.758469 0.704342 0.748031 0.703474 0.739327 0.700862 0.729755 0.698250 0.711480 0.691291 0.704515 0.688679 0.699296 0.686066 0.693204 0.680847 0.689724 0.675628
0 0.681020 0.565107 0.682760 0.562495 0.684500 0.557276 0.688852 0.555536 0.695816 0.555536 0.702776 0.555536 0.707128 0.562495 0.709740 0.571199 0.711480 0.581638 0.710607 0.594694 0.707128 0.603398 0.705388 0.612097 0.705388 0.619929 0.706255 0.631245 0.709740 0.638204 0.715832 0.642556 0.720179 0.645168 0.724531 0.647776 0.728883 0.652128 0.734107 0.660832 0.733235 0.664311 0.727143 0.667791 0.726270 0.678235 0.725403 0.689551 0.721051 0.692158 0.713219 0.691291 0.703648 0.685199 0.696684 0.677367 0.690592 0.662571 0.688852 0.650388 0.684500 0.635597 0.681020 0.625153 0.689724 0.608617 0.690592 0.600786 0.690592 0.582510 0.682760 0.579898
0 0.709740 0.564235 0.710607 0.559883 0.715832 0.554663 0.719311 0.553791 0.722791 0.559015 0.724531 0.567714 0.721923 0.579031 0.719311 0.585990 0.715832 0.597306 0.715832 0.605138 0.721051 0.612097 0.727143 0.617321 0.732362 0.623413 0.734974 0.629505 0.733235 0.635597 0.728015 0.640816 0.722791 0.644296 0.718439 0.645168 0.711480 0.644296 0.706255 0.642556 0.702776 0.627760 0.703648 0.621668 0.705388 0.611230 0.707128 0.599913 0.708867 0.593821 0.711480 0.585122 0.711480 0.574679
0 0.688852 0.532908 0.690592 0.532036 0.693204 0.525944 0.693204 0.517245 0.693204 0.506801 0.695816 0.497230 0.700163 0.495490 0.706255 0.493745 0.711480 0.494617 0.713219 0.498097 0.714959 0.512020 0.716699 0.517245 0.722791 0.512893 0.725403 0.505929 0.730622 0.489398 0.734974 0.467638 0.740194 0.459806 0.747158 0.470250 0.750638 0.474602 0.757602 0.477214 0.761954 0.479821 0.755862 0.490265 0.747158 0.495490 0.742806 0.505061 0.741066 0.512893 0.745418 0.525077 0.750638 0.528556 0.752378 0.533776 0.750638 0.542480 0.749770 0.554663 0.753250 0.561622 0.751510 0.566847 0.747158 0.572939 0.754122 0.579898 0.747158 0.582510 0.743679 0.585122 0.749770 0.589474 0.753250 0.595566 0.754122 0.602526 0.747158 0.610357 0.736714 0.614709 0.728883 0.616449 0.719311 0.613837 0.716699 0.603398 0.716699 0.592082 0.723663 0.578158 0.728015 0.568587 0.724531 0.557276 0.721051 0.554663 0.716699 0.554663 0.705388 0.559883 0.703648 0.559883 0.697556 0.552923 0.692332 0.548571 0.685372 0.545959
0 0.753250 0.643429 0.752378 0.635597 0.748898 0.626893 0.745418 0.618189 0.743679 0.618189 0.738454 0.618189 0.735847 0.624281 0.735847 0.628633 0.729755 0.637337 0.724531 0.642556 0.729755 0.652128 0.734974 0.656480 0.741939 0.659959 0.748031 0.660832 0.755862 0.657352
0 0.754122 0.309260 0.760209 0.315347 0.763694 0.320571 0.767173 0.330143 0.768046 0.340587 0.766301 0.350158 0.754990 0.357122 0.748031 0.361469 0.746286 0.368434 0.745418 0.381485 0.740194 0.387577 0.727143 0.389321 0.712347 0.386709 0.693204 0.381485 0.678408 0.378878 0.670577 0.378878 0.662745 0.384097 0.656653 0.391061 0.653173 0.401500 0.649694 0.407592 0.639250 0.409337 0.629679 0.402372 0.630546 0.395408 0.631418 0.384969 0.636638 0.374526 0.646209 0.371913 0.647082 0.366694 0.642730 0.358862 0.641862 0.358862 0.661005 0.357990 0.675801 0.358862 0.683633 0.358862 0.694944 0.355378 0.703648 0.348418 0.713219 0.340587 0.728883 0.342327 0.734974 0.342327 0.744546 0.332755 0.749770 0.324051
0 0.706255 0.392801 0.708000 0.392801 0.714959 0.392801 0.721923 0.397153 0.728883 0.400633 0.740194 0.398893 0.750638 0.392801 0.754122 0.384969 0.755862 0.376265 0.760209 0.374526 0.768046 0.379745 0.768913 0.383230 0.772393 0.395408 0.777617 0.400633 0.795020 0.406724 0.803724 0.410204 0.806332 0.415423 0.805464 0.419776 0.795020 0.422388 0.782837 0.421515 0.773265 0.421515 0.759342 0.421515 0.747158 0.424128 0.732362 0.429352 0.713219 0.438923 0.708867 0.444143 0.705388 0.447622 0.697556 0.451974 0.685372 0.450235 0.675801 0.445015 0.674929 0.435444 0.683633 0.427607 0.694077 0.426740 0.711480 0.423260 0.709740 0.403245
0 0.761082 0.432832 0.758469 0.434571 0.753250 0.446755 0.749770 0.448495 0.742806 0.439791 0.729755 0.441531 0.728883 0.444143 0.725403 0.460679 0.719311 0.457199 0.716699 0.451974 0.714092 0.445015 0.720179 0.436311 0.728015 0.433699 0.737587 0.430219 0.746286 0.428480 0.756730 0.427607
0 0.713219 0.451974 0.719311 0.454587 0.721051 0.459806 0.724531 0.468510 0.726270 0.478082 0.725403 0.485046 0.721923 0.493745 0.718439 0.495490 0.713219 0.485913 0.709740 0.481561 0.714092 0.476342 0.716699 0.475474 0.707128 0.469383 0.707128 0.469383 0.712347 0.465898 0.712347 0.462418
