0 0.488591 0.587946 0.474500 0.594660 0.465107 0.595082 0.446319 0.606831 0.457420 0.626556 0.461691 0.637048 0.457847 0.651736 0.463825 0.656352 0.476208 0.653836 0.484747 0.661390 0.490299 0.656774 0.498411 0.658871 0.504390 0.657193 0.506950 0.654674 0.506524 0.650476 0.506524 0.643343 0.501827 0.631591 0.496277 0.629075 0.492433 0.622359 0.489870 0.616485 0.492433 0.608509 0.493288 0.602214 0.493288 0.596338 0.499264 0.586687 0.495848 0.583749
0 0.536413 0.655933 0.532571 0.659709 0.524456 0.656352 0.515062 0.655092 0.509087 0.651736 0.509087 0.646281 0.509087 0.639565 0.507805 0.634948 0.507379 0.630332 0.505242 0.626137 0.502253 0.621102 0.499264 0.617323 0.506950 0.618164 0.507379 0.624878 0.514210 0.629913 0.522322 0.633692 0.530008 0.637886 0.534279 0.640824 0.532142 0.645022 0.531290 0.650057 0.532571 0.652995
0 0.553919 0.620680 0.547515 0.619842 0.541965 0.624459 0.532571 0.625297 0.524456 0.623618 0.517199 0.619842 0.512928 0.616485 0.508231 0.618583 0.509513 0.624878 0.513355 0.629075 0.519333 0.632013 0.526593 0.636208 0.530861 0.639565 0.533850 0.641246 0.540255 0.638727 0.545807 0.635370 0.550930 0.630332 0.553067 0.626975
0 0.420271 0.571578 0.411733 0.572837 0.402339 0.575775 0.397642 0.580811 0.389529 0.583330 0.385685 0.589625 0.380562 0.595082 0.378428 0.598020 0.377999 0.602636 0.381843 0.605571 0.383977 0.611869 0.382270 0.617323 0.386967 0.619842 0.392090 0.620680 0.393797 0.623618 0.397216 0.624037 0.400631 0.621521 0.402339 0.612707 0.401484 0.608931 0.400631 0.605571 0.400202 0.602636 0.403620 0.598439 0.407036 0.593822 0.410025 0.590884 0.416003 0.590884 0.417711 0.583749 0.421553 0.577875
0 0.504390 0.600536 0.505668 0.605571 0.501400 0.611028 0.499693 0.615645 0.506524 0.617742 0.510365 0.614385 0.515918 0.615645 0.519333 0.620680 0.526167 0.624459 0.533850 0.624459 0.534705 0.620261 0.527019 0.616904 0.520188 0.612707 0.518480 0.606831 0.518480 0.604733 0.514210 0.601376 0.511647 0.598439 0.507805 0.597598
0 0.445037 0.618164 0.439914 0.616904 0.433081 0.619421 0.429239 0.621940 0.427531 0.626556 0.423260 0.631172 0.419419 0.633692 0.418990 0.635789 0.421553 0.637886 0.421126 0.641246 0.424116 0.641246 0.429239 0.642924 0.433936 0.647119 0.439059 0.647960 0.439485 0.649638 0.444182 0.647960 0.449308 0.646700 0.454005 0.646700 0.457420 0.645022 0.459981 0.642084 0.461262 0.637467 0.459981 0.634529 0.457420 0.630332 0.452297 0.629075 0.447600 0.629075 0.443756 0.625297 0.443330 0.621940
0 0.439059 0.546820 0.433510 0.551015 0.428813 0.553953 0.430947 0.559410 0.426676 0.564026 0.419419 0.561088 0.414293 0.556891 0.410025 0.555631 0.407036 0.556050 0.402339 0.561088 0.406609 0.567802 0.410877 0.569480 0.416430 0.569480 0.422834 0.570321 0.422408 0.577875 0.419419 0.585427 0.423687 0.588787 0.429665 0.590884 0.436925 0.591725 0.442474 0.589625 0.448027 0.588787 0.453576 0.587108 0.456994 0.583749 0.461262 0.581651 0.463825 0.579554 0.465107 0.574097 0.465533 0.568643 0.465107 0.562767 0.465533 0.559410 0.467241 0.557731 0.464251 0.554793 0.463399 0.551015 0.464678 0.545560 0.468948 0.543460 0.472364 0.540103 0.472364 0.537587 0.474500 0.535906 0.476634 0.535906 0.474500 0.532549 0.472793 0.530452 0.470656 0.528773 0.468948 0.528354 0.467241 0.529192 0.467241 0.532549 0.465533 0.536746 0.459981 0.537587 0.455713 0.538844 0.455284 0.543041 0.453576 0.549336 0.448879 0.550177 0.443330 0.548917
0 0.393797 0.531711 0.399350 0.527095 0.402339 0.522897 0.406609 0.518700 0.412159 0.514924 0.416856 0.514083 0.426250 0.514083 0.430947 0.516602 0.434788 0.514083 0.442903 0.517440 0.446319 0.519959 0.449308 0.524576 0.451442 0.531711 0.454857 0.537165 0.454857 0.543041 0.454431 0.547658 0.451442 0.549755 0.447171 0.550177 0.443756 0.548077 0.442048 0.543041 0.439485 0.541363 0.434788 0.542622 0.426676 0.544301 0.422834 0.544301 0.418990 0.544301 0.413014 0.543882 0.407462 0.545979 0.405328 0.545139 0.404473 0.540944 0.401057 0.536746 0.396360 0.533390
0 0.417282 0.544720 0.417282 0.548077 0.419419 0.551434 0.422408 0.554793 0.425823 0.557731 0.428813 0.558988 0.430091 0.556891 0.428813 0.553953 0.431802 0.551855 0.437777 0.548917 0.439485 0.547239 0.439059 0.542622 0.436070 0.541782 0.432654 0.543041 0.428813 0.543882 0.422408 0.543460
0 0.387722 0.508583 0.391428 0.506760 0.395754 0.506964 0.401312 0.504940 0.403579 0.503118 0.406050 0.507976 0.410578 0.511213 0.412638 0.511820 0.413462 0.514249 0.411816 0.515666 0.408519 0.517892 0.405226 0.519309 0.403371 0.522141 0.401107 0.519714 0.400902 0.516880 0.396164 0.513439 0.390811 0.511619
0 0.347465 0.476300 0.347960 0.478972 0.352162 0.481159 0.354631 0.482372 0.355126 0.485044 0.356114 0.487473 0.360316 0.491115 0.364268 0.490873 0.366244 0.488444 0.368716 0.486260 0.369953 0.486015 0.373905 0.485773 0.380576 0.486015 0.385765 0.488444 0.394661 0.492816 0.400839 0.497429 0.403310 0.501801 0.404298 0.497674 0.406028 0.494516 0.409488 0.494758 0.413440 0.496216 0.419867 0.496945 0.425054 0.497674 0.430244 0.495487 0.432220 0.493303 0.433457 0.492573 0.435187 0.495245 0.436175 0.498887 0.438151 0.502288 0.439881 0.506417 0.441857 0.511031 0.444329 0.513945 0.447047 0.516616 0.451990 0.519287 0.452978 0.512973 0.456189 0.509331 0.459648 0.508360 0.462616 0.508118 0.460637 0.501559 0.461625 0.497674 0.464343 0.494758 0.468298 0.493303 0.469286 0.491602 0.468051 0.486502 0.465580 0.484559 0.465084 0.481401 0.465580 0.477516 0.461378 0.475571 0.457426 0.473871 0.454213 0.470229 0.454213 0.466586 0.453966 0.464157 0.450011 0.462701 0.449518 0.464886 0.450507 0.468286 0.450011 0.471445 0.445563 0.472900 0.443094 0.474845 0.439881 0.477758 0.438647 0.480430 0.436917 0.482130 0.431727 0.482130 0.427279 0.481888 0.425549 0.479701 0.423324 0.477029 0.422336 0.474116 0.422336 0.472416 0.422336 0.469499 0.420855 0.467802 0.421348 0.465373 0.424066 0.463186 0.427279 0.462214 0.431481 0.461485 0.436175 0.461001 0.440869 0.460272 0.441115 0.457601 0.437905 0.455658 0.434199 0.453958 0.432962 0.452013 0.431973 0.450071 0.428021 0.450800 0.423324 0.449587 0.419867 0.446428 0.417146 0.443999 0.414428 0.441814 0.409242 0.442786 0.407263 0.445457 0.408746 0.447641 0.411710 0.448857 0.415170 0.451771 0.418630 0.453958 0.420855 0.456143 0.422090 0.458330 0.420855 0.460756 0.418630 0.463672 0.414428 0.464886 0.409488 0.464644 0.403557 0.468773 0.405040 0.471687 0.407758 0.475329 0.411464 0.476300 0.416407 0.477029 0.417642 0.478730 0.420113 0.481159 0.420606 0.484072 0.417396 0.486502 0.414428 0.487231 0.411218 0.488686 0.407512 0.488686 0.405533 0.486744 0.402815 0.485286 0.400346 0.483830 0.397379 0.482859 0.394910 0.481643 0.392189 0.480430 0.389720 0.479943 0.387249 0.480430 0.384531 0.481159 0.383047 0.479943 0.382059 0.478001 0.380576 0.476300 0.379341 0.475571 0.377365 0.474358 0.374401 0.474358 0.372422 0.474600 0.370199 0.475816 0.366244 0.478487 0.363280 0.479701 0.360562 0.480430 0.357598 0.479701 0.357102 0.477029 0.355868 0.476058 0.353396 0.475087 0.350432 0.474845
0 0.385840 0.477152 0.390042 0.475936 0.389792 0.473264 0.391030 0.471080 0.393994 0.471080 0.395970 0.472051 0.397700 0.472293 0.400172 0.471322 0.403136 0.472293 0.404373 0.475207 0.406349 0.478123 0.408575 0.480552 0.413022 0.480307 0.417470 0.482252 0.416728 0.484679 0.414011 0.485650 0.410797 0.486379 0.407833 0.485408 0.405608 0.483466 0.403385 0.482979 0.399184 0.482008 0.395970 0.480794 0.393252 0.479336 0.389053 0.478365
0 0.394240 0.458936 0.395970 0.455778 0.398195 0.454078 0.400667 0.453836 0.402890 0.452622 0.405115 0.450922 0.408079 0.450193 0.411293 0.450435 0.413022 0.452622 0.415491 0.455294 0.418209 0.456749 0.420188 0.458694 0.418951 0.460879 0.416728 0.462337 0.414257 0.463308 0.409314 0.462579 0.407337 0.459665 0.404866 0.458936 0.400667 0.460394 0.397207 0.459908
0 0.417963 0.430035 0.420681 0.426148 0.422164 0.422505 0.423399 0.420321 0.426859 0.418621 0.430318 0.419592 0.433532 0.421292 0.436496 0.423964 0.437238 0.425422 0.440202 0.425906 0.443415 0.426393 0.444157 0.429793 0.444157 0.434165 0.445884 0.437807 0.446875 0.439992 0.444896 0.442908 0.441686 0.443634 0.438226 0.444608 0.434024 0.444363 0.430565 0.441208 0.429330 0.437078 0.429577 0.433436 0.426366 0.433436 0.422906 0.433920 0.420188 0.433920 0.418209 0.433191
0 0.457501 0.432707 0.461207 0.435620 0.463429 0.444608 0.467384 0.447522 0.471091 0.450922 0.475289 0.454807 0.476526 0.461850 0.482950 0.453836 0.488140 0.449464 0.493576 0.449222 0.496540 0.439508 0.500246 0.432707 0.502225 0.430520 0.504448 0.428335 0.506673 0.425177 0.504201 0.423477 0.497282 0.423964 0.492092 0.424693 0.486410 0.423964 0.480974 0.415220 0.480479 0.410607 0.478749 0.408662 0.471583 0.408419 0.466643 0.405506 0.462441 0.400647 0.462195 0.396763 0.456510 0.399434 0.452311 0.398705 0.449839 0.396521 0.446380 0.396521 0.443662 0.397492 0.441686 0.404777 0.441686 0.408906 0.442178 0.414249 0.442674 0.417405 0.444404 0.421292 0.447614 0.424935 0.453299 0.429064
0 0.479737 0.407206 0.480479 0.404535 0.483197 0.403077 0.485176 0.403319 0.488386 0.404535 0.491104 0.405019 0.493330 0.406477 0.493576 0.408906 0.492342 0.411820 0.494810 0.413033 0.492588 0.416192 0.492092 0.419592 0.492834 0.422505 0.491846 0.424450 0.488633 0.424693 0.486164 0.424450 0.483692 0.422263 0.482209 0.418379 0.480728 0.415949 0.480974 0.410362
0 0.495799 0.413762 0.498766 0.410849 0.503955 0.409391 0.508649 0.408177 0.512851 0.406235 0.515073 0.409149 0.517545 0.412791 0.522239 0.414733 0.526194 0.415949 0.521005 0.417892 0.517050 0.419592 0.514085 0.421050 0.508896 0.422263 0.505685 0.422021 0.500742 0.422021 0.495306 0.422750 0.492588 0.423234 0.492834 0.417163
0 0.519768 0.409149 0.526441 0.413278 0.528912 0.415220 0.532865 0.414249 0.535090 0.409391 0.535090 0.404290 0.535583 0.397247 0.536820 0.389720 0.539289 0.382677 0.540030 0.379276 0.535336 0.380977 0.533360 0.380977 0.529900 0.383648 0.526933 0.387777 0.526687 0.392633 0.528170 0.396521 0.527429 0.401376 0.521497 0.405506
0 0.531877 0.369562 0.534841 0.369075 0.538054 0.367862 0.542502 0.364948 0.545466 0.366404 0.546704 0.370291 0.544725 0.374176 0.539784 0.377818 0.536078 0.379276 0.536820 0.375876 0.535583 0.373447 0.531877 0.372962 0.524464 0.375147 0.519768 0.374905 0.520017 0.371991 0.520756 0.369075 0.519275 0.366891 0.518287 0.363490 0.518287 0.362274 0.520509 0.361061 0.523227 0.362032 0.526441 0.363248 0.527429 0.366162 0.528663 0.368833 0.529159 0.370291
0 0.545715 0.394334 0.541760 0.401863 0.540030 0.409635 0.537312 0.408177 0.537066 0.400405 0.538796 0.391420 0.540277 0.384377 0.542256 0.380734 0.545962 0.378305 0.548680 0.377818 0.550656 0.380977 0.554857 0.380734 0.557822 0.379034 0.560540 0.377818 0.563753 0.379761 0.565729 0.382190 0.568201 0.384132 0.570177 0.384861 0.573141 0.384861 0.576355 0.384861 0.579073 0.384861 0.579073 0.388749 0.580061 0.392149 0.578826 0.395547 0.577589 0.397734 0.575120 0.396521 0.570919 0.395792 0.568447 0.395792 0.565234 0.394091 0.561777 0.393849 0.558810 0.395547 0.558564 0.399192 0.560047 0.401376 0.556834 0.402835 0.554362 0.404777 0.554362 0.408662 0.558564 0.408906 0.560540 0.407935 0.558564 0.412549 0.558317 0.415220 0.552881 0.415949 0.548184 0.417405 0.547938 0.412549 0.547443 0.406719 0.545466 0.403077 0.545466 0.397734
0 0.580307 0.393849 0.583767 0.397247 0.588957 0.399676 0.593900 0.401376 0.590440 0.405264 0.587227 0.407690 0.585992 0.411336 0.581295 0.412307 0.575859 0.410120 0.571907 0.408906 0.570919 0.405748 0.569435 0.402348 0.568447 0.398221 0.568694 0.395792 0.574625 0.396276 0.578085 0.397976
0 0.592170 0.374905 0.589203 0.376605 0.585743 0.381461 0.582286 0.379518 0.580307 0.380977 0.579073 0.385106 0.579319 0.389478 0.581049 0.394091 0.585250 0.397005 0.588957 0.398463 0.594146 0.400405 0.597110 0.400405 0.598840 0.397976 0.598840 0.392633 0.597606 0.388504 0.596618 0.381706 0.596618 0.377576 0.596618 0.375147
0 0.587722 0.409878 0.585743 0.411578 0.582037 0.412549 0.584262 0.414733 0.585497 0.417163 0.586485 0.420321 0.588710 0.423234 0.590933 0.424450 0.592909 0.422021 0.595876 0.421292 0.601066 0.421534 0.602795 0.419834 0.602300 0.417650 0.599828 0.417650 0.596618 0.417650 0.592663 0.416434 0.589698 0.414249 0.588957 0.412307
0 0.599336 0.398463 0.596369 0.401376 0.594392 0.404048 0.590933 0.407690 0.589698 0.413033 0.595134 0.415949 0.599087 0.417163 0.601558 0.414733 0.600324 0.411091 0.599336 0.406719 0.601558 0.404535 0.602795 0.402835
0 0.623551 0.406964 0.628245 0.405990 0.631459 0.409149 0.634918 0.411336 0.636895 0.415220 0.637636 0.419834 0.635657 0.422750 0.628987 0.423964 0.622809 0.423964 0.621575 0.422750 0.625035 0.419592 0.626515 0.416678 0.626269 0.411578 0.624044 0.409149
0 0.605264 0.421050 0.609712 0.422505 0.614655 0.423234 0.619845 0.422992 0.625281 0.423477 0.628245 0.423964 0.624044 0.427364 0.620091 0.430764 0.615148 0.434407 0.609961 0.437807 0.606748 0.435865 0.610949 0.431736 0.612430 0.427606 0.609466 0.425906 0.606006 0.424935 0.604276 0.423477
0 0.630717 0.405019 0.635411 0.405019 0.640847 0.403806 0.644553 0.406964 0.649992 0.409391 0.655428 0.408177 0.658887 0.406964 0.660614 0.410607 0.657157 0.415462 0.654686 0.420079 0.649001 0.423477 0.644060 0.425906 0.641589 0.429064 0.637387 0.429064 0.634669 0.426877 0.636648 0.422992 0.638624 0.418621 0.637883 0.414249 0.634918 0.410120 0.630963 0.407206
0 0.657896 0.427364 0.655179 0.431249 0.648262 0.430764 0.642084 0.430764 0.635657 0.432707 0.627753 0.434649 0.624539 0.436107 0.622314 0.440721 0.622068 0.446551 0.622068 0.451164 0.624785 0.457478 0.631210 0.460150 0.635657 0.463308 0.637883 0.467680 0.634423 0.469138 0.630717 0.469380 0.628492 0.471322 0.627999 0.475694 0.630221 0.480307 0.632693 0.483224 0.636153 0.485650 0.641342 0.486379 0.645790 0.486379 0.648508 0.483708 0.649743 0.479094 0.647274 0.475452 0.645048 0.471080 0.642577 0.465979 0.641835 0.460879 0.639117 0.458694 0.636895 0.458694 0.634669 0.456023 0.633930 0.451651 0.635411 0.448735 0.637883 0.447764 0.640847 0.447764 0.639366 0.445579 0.637387 0.442663 0.636399 0.441208 0.635906 0.438779 0.637883 0.437320 0.640105 0.436591 0.643814 0.438292 0.646283 0.440237 0.649496 0.442179 0.652214 0.443392 0.656167 0.445092 0.656908 0.441692 0.658638 0.439508 0.660122 0.436349 0.659134 0.431978
0 0.639613 0.436836 0.636648 0.438536 0.637387 0.441450 0.640354 0.445822 0.644553 0.447035 0.649496 0.447035 0.654686 0.448493 0.659134 0.453351 0.662840 0.457478 0.666792 0.459908 0.670006 0.458936 0.668771 0.453836 0.666792 0.451164 0.664816 0.449951 0.661110 0.448006 0.658887 0.446064 0.655920 0.445092 0.650731 0.442663 0.645544 0.439750 0.643814 0.437563
0 0.697681 0.439992 0.694467 0.441208 0.689773 0.442179 0.687055 0.442179 0.684337 0.445335 0.681126 0.447280 0.677171 0.445579 0.675195 0.445335 0.672477 0.446551 0.671489 0.448980 0.673465 0.451164 0.671240 0.452865 0.669017 0.454807 0.669510 0.458936 0.671735 0.459421 0.674949 0.457723 0.677913 0.454565 0.678655 0.453594 0.679643 0.453594 0.683103 0.454807 0.689773 0.456265 0.691503 0.457723 0.694221 0.458207 0.696692 0.456265 0.699164 0.455049 0.700645 0.454565 0.699410 0.452135 0.697681 0.450193 0.697434 0.444608 0.699410 0.442421
0 0.692986 0.459421 0.691010 0.457723 0.689031 0.456507 0.685821 0.455536 0.681865 0.454323 0.677418 0.454323 0.675441 0.457236 0.673219 0.459908 0.672477 0.465008 0.671240 0.468164 0.672231 0.474236 0.676925 0.479336 0.682361 0.479336 0.688539 0.479336 0.694963 0.479578 0.698176 0.481279 0.702128 0.481279 0.703117 0.477881 0.703363 0.474723 0.699657 0.472293 0.696692 0.469138 0.695209 0.464521 0.694963 0.460879
0 0.677418 0.480065 0.680136 0.482737 0.681373 0.485895 0.682854 0.489538 0.677913 0.490751 0.672477 0.490509 0.667041 0.490751 0.662840 0.490267 0.659134 0.487837 0.654932 0.484195 0.651968 0.481279 0.649743 0.477152 0.647766 0.474480 0.645790 0.472535 0.644307 0.469380 0.642577 0.466221 0.642084 0.463792 0.642084 0.462092 0.643072 0.457965 0.645295 0.458936 0.646778 0.462092 0.650484 0.464521 0.653449 0.463550 0.657157 0.462821 0.661605 0.463792 0.667041 0.465008 0.671240 0.465737 0.671240 0.467437 0.671489 0.471080 0.672477 0.473509 0.674453 0.476665
0 0.699164 0.468893 0.699657 0.465737 0.700152 0.463066 0.702624 0.461366 0.706084 0.464279 0.709294 0.465492 0.711766 0.466708 0.714484 0.472293 0.718190 0.475452 0.720415 0.479578 0.716214 0.482252 0.707318 0.485895 0.704354 0.487350 0.708306 0.490022 0.711270 0.492209 0.713742 0.494638 0.715226 0.497065 0.714484 0.500223 0.712508 0.502410 0.710282 0.503866 0.707318 0.501923 0.704354 0.500465 0.701636 0.497552 0.698176 0.491238 0.696692 0.487595 0.693975 0.488566 0.689527 0.490509 0.686067 0.491722 0.682607 0.493909 0.680877 0.497065 0.684091 0.499494 0.681373 0.500710 0.677418 0.502894 0.671489 0.503866 0.666299 0.504108 0.665311 0.502165 0.665062 0.499010 0.665062 0.496094 0.666053 0.493909 0.667288 0.492451 0.670501 0.491967 0.674207 0.491480 0.677913 0.491238 0.680631 0.490996 0.682854 0.489780 0.681619 0.484924 0.680385 0.481766 0.677418 0.479094 0.683595 0.478852 0.691010 0.479094 0.694467 0.479823 0.697681 0.481279 0.701636 0.481523 0.703363 0.478852 0.703858 0.475694 0.701140 0.472780 0.699657 0.471809
0 0.697188 0.503866 0.694221 0.505808 0.691749 0.508479 0.691998 0.512851 0.695704 0.517223 0.698422 0.519897 0.699164 0.524023 0.699657 0.528882 0.701140 0.534467 0.703117 0.536896 0.707318 0.536409 0.709790 0.533738 0.712259 0.532038 0.714979 0.532038 0.715967 0.531066 0.715226 0.528882 0.715472 0.525724 0.718190 0.522810 0.719178 0.520139 0.720662 0.514309 0.718932 0.513096 0.715226 0.513825 0.711766 0.515525 0.708306 0.513825 0.705834 0.511638 0.705093 0.509208 0.702624 0.506295 0.700645 0.504108
0 0.674453 0.510666 0.671735 0.513096 0.670747 0.515280 0.671982 0.518681 0.670994 0.523052 0.670747 0.526695 0.672970 0.531553 0.674453 0.534954 0.677913 0.536167 0.682115 0.533009 0.686067 0.529611 0.690019 0.526453 0.692986 0.524023 0.694963 0.521839 0.694963 0.520623 0.692986 0.519410 0.690019 0.520139 0.684337 0.520381 0.680136 0.517952 0.678406 0.515280 0.677171 0.512367
0 0.651722 0.528395 0.654686 0.524995 0.658146 0.522323 0.661852 0.519897 0.666299 0.519410 0.670501 0.519168 0.670252 0.522081 0.670006 0.524995 0.670747 0.529366 0.672970 0.533496 0.675937 0.535925 0.680136 0.536409 0.682854 0.538838 0.681373 0.540539 0.678406 0.540539 0.675937 0.540539 0.672231 0.539325 0.669264 0.537380 0.668276 0.534467 0.666053 0.531553 0.664074 0.529366 0.661356 0.529124 0.657896 0.529611 0.655179 0.530824 0.652710 0.532282
0 0.690515 0.528153 0.692245 0.531311 0.691503 0.534954 0.691257 0.537867 0.692986 0.541026 0.694716 0.546124 0.693728 0.550740 0.692491 0.555596 0.695458 0.561183 0.698915 0.564584 0.705588 0.567497 0.711520 0.569440 0.714237 0.574782 0.712012 0.577941 0.708060 0.581583 0.705093 0.584984 0.701882 0.588626 0.697188 0.590084 0.691257 0.590084 0.689280 0.588384 0.685574 0.585226 0.684091 0.581341 0.682854 0.577454 0.682854 0.571869 0.682607 0.566039 0.682607 0.561425 0.682854 0.555841 0.685325 0.552440 0.685325 0.548798 0.684583 0.545639 0.684337 0.541268 0.684091 0.538596 0.684091 0.535925 0.683103 0.533254 0.685325 0.530337 0.686562 0.529124
0 0.652214 0.554382 0.658887 0.557054 0.662840 0.556083 0.668522 0.552195 0.671489 0.551469 0.672477 0.559483 0.670747 0.566039 0.671489 0.570653 0.675195 0.575269 0.673465 0.580612 0.673465 0.584742 0.673465 0.589839 0.675195 0.591540 0.678901 0.592756 0.678655 0.598341 0.681373 0.603683 0.684833 0.605384 0.687797 0.607813 0.689280 0.612669 0.691503 0.616556 0.694963 0.621170 0.697681 0.623112 0.698915 0.625057 0.694221 0.628700 0.691257 0.629913 0.687797 0.632342 0.684337 0.629429 0.681126 0.627971 0.680136 0.625783 0.683349 0.622141 0.682607 0.618985 0.677667 0.618014 0.674453 0.618256 0.674453 0.614614 0.673219 0.609026 0.670501 0.601983 0.667783 0.596882 0.668276 0.590813 0.667041 0.585955 0.665311 0.581583 0.665311 0.576725 0.666053 0.572598 0.666546 0.567739 0.665804 0.562639 0.662840 0.559725
0 0.703612 0.614127 0.700399 0.608055 0.698176 0.602954 0.695458 0.599312 0.692491 0.596882 0.691010 0.592998 0.689031 0.590084 0.685821 0.589113 0.683103 0.590084 0.680877 0.592511 0.680385 0.596156 0.680631 0.600528 0.682607 0.603441 0.684833 0.604412 0.687301 0.604412 0.689031 0.605384 0.691503 0.609755 0.693975 0.610971 0.696446 0.612669 0.699906 0.614614 0.702624 0.615827
0 0.642577 0.556812 0.646778 0.557541 0.652956 0.558996 0.657650 0.560454 0.660864 0.563855 0.663828 0.566768 0.664074 0.572598 0.663335 0.577699 0.664816 0.585468 0.666792 0.590326 0.666792 0.595911 0.666792 0.599312 0.669510 0.603925 0.670994 0.609755 0.671489 0.615098 0.670501 0.618985 0.664570 0.620686 0.659380 0.625057 0.656167 0.629429 0.650731 0.631613 0.643072 0.632826 0.637883 0.634527 0.627753 0.632826 0.621575 0.628213 0.619845 0.623841 0.620833 0.617769 0.622314 0.613643 0.625527 0.610726 0.628987 0.607813 0.632200 0.605626 0.636895 0.603925 0.642084 0.602712 0.646778 0.601012 0.650980 0.599799 0.655428 0.592269 0.656167 0.584742 0.656416 0.580612 0.657404 0.576240 0.659134 0.568226 0.657650 0.567739 0.653449 0.570411 0.649250 0.568468 0.644802 0.563610
0 0.627999 0.562155 0.628741 0.559725 0.631705 0.558512 0.636399 0.558754 0.639859 0.560696 0.640601 0.566526 0.640601 0.572598 0.639366 0.576725 0.639859 0.582797 0.643814 0.586197 0.647274 0.587655 0.651968 0.584497 0.650484 0.590084 0.648262 0.597127 0.644553 0.600283 0.635657 0.597856 0.631705 0.597856 0.626269 0.592269 0.623797 0.590084 0.619596 0.589597 0.615148 0.589597 0.610454 0.590813 0.606994 0.592511 0.603784 0.595427 0.602546 0.599070 0.601558 0.602712 0.601066 0.606600 0.598099 0.606842 0.596122 0.604655 0.593404 0.604655 0.590191 0.605384 0.586239 0.604170 0.583274 0.601499 0.583025 0.598583 0.583025 0.595182 0.585250 0.590326 0.587722 0.588626 0.589452 0.585955 0.592663 0.585713 0.592909 0.580612 0.593900 0.577941 0.597852 0.577941 0.599828 0.578670 0.600816 0.580370 0.603534 0.577212 0.605513 0.574782 0.609219 0.573811 0.611196 0.575511 0.611937 0.578912 0.613667 0.580854 0.617869 0.582554 0.618857 0.585226 0.621079 0.586926 0.623056 0.585955 0.624293 0.583526 0.624785 0.580854 0.626269 0.577941 0.628492 0.575024 0.629233 0.569927 0.628987 0.564826
0 0.618115 0.591298 0.622314 0.593240 0.625527 0.597369 0.625035 0.602712 0.621821 0.607084 0.619596 0.608784 0.616878 0.613885 0.617373 0.618256 0.617127 0.625057 0.612679 0.632584 0.610208 0.636227 0.602795 0.636956 0.595630 0.637198 0.587722 0.637927 0.582037 0.638656 0.580803 0.639872 0.578331 0.638172 0.575859 0.636472 0.573637 0.636227 0.570673 0.636956 0.567459 0.638898 0.563999 0.640843 0.561281 0.641570 0.556587 0.641328 0.553869 0.638414 0.553620 0.635743 0.554116 0.633071 0.555846 0.630884 0.557822 0.629913 0.561777 0.629184 0.563504 0.629184 0.566225 0.630884 0.568694 0.632342 0.570673 0.633313 0.575120 0.634527 0.576601 0.635014 0.581295 0.635501 0.582533 0.634527 0.582533 0.632342 0.581049 0.629429 0.579815 0.627729 0.578826 0.626270 0.577343 0.623357 0.577589 0.622628 0.578085 0.622386 0.582286 0.621412 0.584509 0.621412 0.586485 0.621170 0.588710 0.620928 0.591428 0.620686 0.590686 0.618740 0.588957 0.617769 0.585497 0.616798 0.582779 0.616314 0.581295 0.616069 0.582037 0.613643 0.583767 0.613398 0.585743 0.613643 0.588710 0.614127 0.590191 0.614369 0.592663 0.614369 0.594639 0.614127 0.596122 0.610971 0.597110 0.609271 0.598594 0.609755 0.600324 0.611213 0.601805 0.610971 0.604030 0.609513 0.602300 0.603925 0.604030 0.600041 0.605513 0.594698 0.610208 0.591298 0.614902 0.590326
0 0.583274 0.591785 0.581791 0.591298 0.579568 0.592998 0.578331 0.595911 0.578577 0.600041 0.576355 0.602712 0.573391 0.603441 0.569189 0.604899 0.566225 0.606113 0.562516 0.608297 0.560293 0.611455 0.557080 0.616069 0.552632 0.616069 0.541514 0.614369 0.537559 0.611697 0.534099 0.609271 0.529651 0.607326 0.525945 0.605871 0.520756 0.605384 0.519521 0.605626 0.520263 0.610484 0.522981 0.614369 0.528170 0.617040 0.533853 0.619227 0.535583 0.621170 0.535336 0.623357 0.537312 0.624328 0.541760 0.624328 0.545220 0.621899 0.548184 0.619227 0.553869 0.620686 0.552881 0.625299 0.551398 0.628700 0.548926 0.631613 0.546454 0.634771 0.548184 0.637198 0.552139 0.638414 0.552881 0.635014 0.553374 0.632584 0.556338 0.629671 0.559798 0.628455 0.563258 0.628213 0.567952 0.629913 0.572153 0.632584 0.576601 0.633800 0.579815 0.633800 0.581791 0.633313 0.580061 0.629913 0.577589 0.627242 0.576355 0.624570 0.576355 0.622628 0.576355 0.621899 0.577097 0.621412 0.578826 0.620441 0.581049 0.620199 0.583521 0.619956 0.587968 0.620199 0.587473 0.618740 0.585743 0.618014 0.583025 0.617527 0.579815 0.616798 0.578085 0.616069 0.578085 0.614856 0.579319 0.613643 0.581295 0.612669 0.583521 0.612427 0.586239 0.612427 0.589203 0.612427 0.593158 0.612427 0.593404 0.612427 0.595134 0.611213 0.595134 0.609755 0.593404 0.608297 0.591182 0.607571 0.589698 0.607326 0.587968 0.606600 0.586485 0.606113 0.584755 0.605141 0.583274 0.603683 0.582533 0.602954 0.582286 0.601012 0.582037 0.599799 0.581791 0.598583 0.582533 0.595427 0.582779 0.594211
0 0.577589 0.596882 0.575120 0.596882 0.568943 0.596156 0.564741 0.595427 0.560540 0.596640 0.553620 0.597369 0.551890 0.594456 0.549422 0.594211 0.542007 0.594698 0.538301 0.592027 0.534099 0.590084 0.528170 0.587413 0.526441 0.588626 0.527429 0.592756 0.530642 0.596640 0.533360 0.597856 0.536078 0.604899 0.538547 0.608542 0.540030 0.610726 0.544232 0.613156 0.549172 0.613885 0.554116 0.614614 0.557080 0.613885 0.560540 0.608542 0.563258 0.606355 0.568694 0.603441 0.574871 0.602228 0.577589 0.601254
0 0.504201 0.590084 0.506919 0.592756 0.508896 0.592756 0.510626 0.590326 0.514085 0.590813 0.519768 0.593727 0.525453 0.594698 0.529159 0.596156 0.528170 0.599554 0.523969 0.600770 0.519521 0.601741 0.513839 0.598828 0.510379 0.596398 0.505436 0.596882 0.500988 0.596156 0.500988 0.592998
0 0.521497 0.602228 0.525699 0.600770 0.529159 0.599070 0.531630 0.597856 0.533606 0.602954 0.535336 0.606600 0.537312 0.609997 0.533853 0.609026 0.528912 0.606113 0.522735 0.604170
0 0.503213 0.567739 0.500000 0.566526 0.496048 0.563368 0.492834 0.560454 0.489624 0.559483 0.484927 0.561425 0.482458 0.566039 0.478503 0.564584 0.475289 0.562639 0.471337 0.561668 0.467877 0.562639 0.468123 0.566768 0.471091 0.569682 0.473808 0.573082 0.474301 0.578183 0.478010 0.583283 0.480728 0.585713 0.486657 0.586197 0.491846 0.584013 0.498519 0.582070 0.500000 0.578912 0.503213 0.582554 0.507415 0.584255 0.511863 0.584497 0.514827 0.583283 0.513097 0.579641 0.507661 0.575269 0.503460 0.571140
0 0.470841 0.575024 0.468373 0.578670 0.466147 0.582070 0.465655 0.586197 0.468619 0.589597 0.473313 0.591298 0.477019 0.589839 0.479491 0.587897 0.477268 0.584497 0.474550 0.581825 0.472571 0.578670
0 0.437730 0.597612 0.431060 0.600041 0.424882 0.601499 0.423153 0.607326 0.426859 0.612913 0.430565 0.615827 0.433778 0.615343 0.439709 0.615098 0.444404 0.613643 0.444157 0.609997 0.440448 0.607571 0.437980 0.603441
0 0.463676 0.582554 0.458981 0.587413 0.455029 0.589839 0.453792 0.593969 0.441932 0.599312 0.439709 0.601741 0.440944 0.605384 0.444157 0.608297 0.445638 0.607571 0.447614 0.605141 0.452311 0.601983 0.457252 0.599554 0.460958 0.597369 0.464171 0.595182 0.467631 0.591785 0.465655 0.588139 0.464913 0.584984
