0 0.264398 0.282526 0.290582 0.286556 0.304184 0.290082 0.308209 0.300658 0.314755 0.298643 0.313245 0.290082 0.322816 0.290082 0.333893 0.293102 0.341954 0.288066 0.346485 0.294612 0.342959 0.306194 0.338429 0.316770 0.334903 0.330872 0.332383 0.339939 0.321806 0.344974 0.312745 0.361087 0.299143 0.359077 0.284036 0.349505 0.274469 0.338929 0.267923 0.324832 0.261372 0.313245 0.257347 0.288066 0.258857 0.279000
0 0.264750 0.245362 0.267265 0.250898 0.264245 0.260969 0.258704 0.268526 0.265255 0.276082 0.274821 0.280107 0.286908 0.283133 0.301510 0.285143 0.311587 0.286153 0.316622 0.281117 0.324679 0.284643 0.331224 0.287158 0.337270 0.283133 0.342306 0.281617 0.343311 0.276582 0.344821 0.268020 0.342306 0.258959 0.343311 0.248383 0.348347 0.240327 0.353383 0.236801 0.358923 0.233276 0.364464 0.232770 0.367485 0.234786 0.367990 0.241837 0.368995 0.252408 0.372015 0.256944 0.376551 0.257949 0.384102 0.258959 0.389138 0.252913 0.396189 0.244352 0.401730 0.236296 0.404250 0.229245 0.395689 0.232770 0.391658 0.233776 0.384102 0.237301 0.376551 0.234786 0.370505 0.228740 0.368490 0.225214 0.367990 0.220179 0.356403 0.221689 0.353383 0.226224 0.349857 0.226724 0.345327 0.230755 0.337270 0.234786 0.329209 0.235286 0.326694 0.238811 0.322663 0.242842 0.317122 0.243347 0.312087 0.237301 0.307051 0.229750 0.305541 0.226724 0.304536 0.235791 0.305036 0.244352 0.300505 0.251403 0.292949 0.252913 0.282878 0.252913 0.276332 0.251403
0 0.330633 0.195138 0.319148 0.200582 0.312500 0.205413 0.305250 0.212663 0.304643 0.224148 0.313107 0.235026 0.320357 0.239862 0.330026 0.234423 0.339092 0.229587 0.348760 0.225357 0.357219 0.221730 0.362658 0.217500 0.371724 0.219311 0.373536 0.227776 0.383811 0.232607 0.395291 0.227168 0.395898 0.221128 0.388041 0.217500 0.377765 0.214480 0.365077 0.212061 0.349969 0.209643 0.339092 0.203602
0 0.452704 0.159485 0.430949 0.173383 0.424301 0.187286 0.420071 0.208434 0.427929 0.228985 0.437597 0.231398 0.443638 0.244092 0.441827 0.259199 0.451495 0.259801 0.464791 0.255571 0.474459 0.259801 0.482316 0.266449 0.489566 0.268867 0.487755 0.278536 0.490776 0.288204 0.498031 0.290622 0.508301 0.291230 0.514949 0.290020 0.529454 0.274913 0.536704 0.267658 0.542143 0.265847 0.542143 0.258597 0.551209 0.257388 0.556046 0.253760 0.554837 0.247714 0.542750 0.244092 0.527036 0.242276 0.517367 0.236235 0.514347 0.227776 0.510719 0.220520 0.506490 0.215689 0.496821 0.214480 0.491985 0.209041 0.486546 0.199974 0.486546 0.192117 0.475668 0.190306 0.472041 0.180031 0.468418 0.166133 0.467811 0.155857 0.464791 0.151026 0.475066 0.137730 0.481714 0.128061 0.488362 0.118995 0.489566 0.110536 0.482316 0.101469 0.476878 0.093010 0.458143 0.097842 0.442429 0.100260 0.429740 0.100260 0.418260 0.100867 0.411005 0.105699 0.407985 0.116577 0.412214 0.128663 0.421281 0.137122 0.426719 0.140750 0.430949 0.144378 0.436990 0.145587 0.442429 0.145587 0.452704 0.150418
0 0.530663 0.114765 0.519786 0.118995 0.508301 0.123832 0.498031 0.128061 0.487755 0.135918 0.482316 0.146189 0.481107 0.162505 0.482918 0.173990 0.486546 0.183056 0.489566 0.187286 0.495005 0.181847 0.499240 0.170362 0.501653 0.166133 0.504679 0.163714 0.512531 0.158883 0.520388 0.152837 0.525224 0.148607 0.528245 0.146189 0.526434 0.135311 0.527643 0.123832
0 0.554837 0.152837 0.535495 0.151026 0.528245 0.148607 0.518577 0.152837 0.508301 0.164321 0.501653 0.172781 0.497423 0.187286 0.496214 0.195138 0.499842 0.206020 0.509510 0.212061 0.513740 0.220520 0.517969 0.227776 0.525827 0.230189 0.541541 0.233816 0.544561 0.233816 0.552418 0.227168 0.556648 0.215082 0.557255 0.200582 0.565107 0.190908 0.568133 0.175199 0.559066 0.166133
0 0.675704 0.214480 0.666638 0.206622 0.654551 0.196347 0.644883 0.187888 0.623122 0.187286 0.608622 0.190908 0.592306 0.192117 0.577801 0.193327 0.567526 0.198163 0.562087 0.201786 0.569342 0.208434 0.579010 0.213270 0.576592 0.224148 0.579612 0.235628 0.588679 0.243485 0.594719 0.248321 0.591699 0.268867 0.579612 0.280352 0.574173 0.288204 0.574173 0.305730 0.575985 0.317214 0.582031 0.324464 0.579010 0.333531 0.582633 0.341388 0.588679 0.341990 0.594117 0.331719 0.606204 0.322653 0.618893 0.322653 0.629168 0.325673 0.638235 0.328699 0.651526 0.326281 0.662408 0.321444 0.667847 0.314194 0.674495 0.298480 0.663010 0.288204 0.652735 0.270679 0.648505 0.255571 0.648505 0.243485 0.653342 0.231398 0.661801 0.221730 0.666638 0.218107
0 0.736133 0.335342 0.722837 0.337158 0.711357 0.345617 0.696250 0.363750 0.692020 0.379459 0.693832 0.392755 0.701689 0.398796 0.712566 0.404842 0.714985 0.412092 0.725255 0.410883 0.727673 0.401821 0.719214 0.393357 0.730694 0.391546 0.760913 0.387918 0.777230 0.378857 0.782061 0.374020 0.793546 0.372811 0.795964 0.360724 0.789918 0.343199 0.780250 0.341990 0.763934 0.345015 0.743388 0.338969
0 0.666638 0.329903 0.658173 0.325071 0.650923 0.330510 0.645485 0.343199 0.641857 0.358306 0.647903 0.371602 0.656969 0.383087 0.667847 0.391546 0.681745 0.393357 0.685372 0.386107 0.676908 0.381270 0.669658 0.375832 0.667240 0.367372 0.659990 0.365561 0.653342 0.357102 0.655153 0.347429 0.663010 0.337158
0 0.688393 0.290020 0.678724 0.299087 0.675699 0.312378 0.672679 0.328699 0.663010 0.340179 0.658173 0.351056 0.661199 0.360724 0.671469 0.368582 0.684765 0.358306 0.696852 0.349245 0.704709 0.334740 0.709546 0.319026 0.705311 0.303918
0 0.647903 0.439893 0.640648 0.438684 0.641857 0.449561 0.644883 0.465276 0.647903 0.480985 0.661801 0.490051 0.690204 0.486423 0.701082 0.476153 0.702291 0.450770 0.699872 0.442311 0.695041 0.437474 0.681745 0.441704 0.662408 0.445934 0.652735 0.439291
0 0.625541 0.396383 0.621918 0.408469 0.616480 0.418740 0.617082 0.430224 0.611036 0.437474 0.614061 0.442311 0.619500 0.433847 0.627959 0.435663 0.635209 0.439893 0.640046 0.435663 0.644883 0.435663 0.655153 0.437474 0.675097 0.433245 0.690204 0.431434 0.696852 0.433245 0.702898 0.427204 0.711357 0.415719 0.708337 0.405444 0.699270 0.398194 0.689602 0.395173 0.680536 0.398796 0.667240 0.401214 0.661199 0.406653 0.660592 0.417531 0.653944 0.419347 0.653342 0.405444 0.650321 0.399403 0.637628 0.395173
0 0.809862 0.449561 0.809862 0.463459 0.805633 0.476755 0.802612 0.489449 0.790526 0.500929 0.782668 0.506974 0.762122 0.506367 0.750036 0.499117 0.747010 0.489449 0.760306 0.482801 0.772393 0.473133 0.780852 0.462255 0.777230 0.451980 0.780852 0.442913
0 0.740362 0.418138 0.724046 0.421765 0.714378 0.430224 0.710148 0.443520 0.709546 0.459837 0.710750 0.472526 0.713776 0.477964 0.724653 0.484612 0.738551 0.487031 0.754265 0.482194 0.761515 0.473735 0.768765 0.465878 0.771791 0.456209 0.771791 0.448959 0.769974 0.441704 0.756077 0.428408 0.752449 0.422969
0 0.629168 0.491260 0.617082 0.486423 0.606204 0.489449 0.601974 0.497908 0.597138 0.511806 0.594117 0.516036 0.594117 0.523291 0.601367 0.532357 0.595929 0.542628 0.586867 0.545648 0.581429 0.548673 0.580821 0.554112 0.589888 0.555321 0.599556 0.549883 0.614061 0.540209 0.632796 0.534770 0.657571 0.528730 0.675097 0.526913 0.692020 0.526311 0.704102 0.534168 0.711357 0.537189 0.717398 0.535980 0.725862 0.529939 0.734923 0.525709 0.737949 0.517852 0.735531 0.511204 0.734321 0.507577 0.731301 0.503347 0.721628 0.502745 0.706520 0.503347 0.697459 0.503347 0.684765 0.503347 0.673888 0.503949 0.656362 0.502745 0.635816 0.500929 0.627959 0.499719 0.639444 0.493679
0 0.696250 0.546255 0.708939 0.543235 0.708939 0.538398 0.694434 0.533561 0.684765 0.530541 0.673888 0.534770 0.666031 0.538398 0.657571 0.539000 0.650923 0.535980 0.643673 0.535980 0.634005 0.535980 0.616480 0.543235 0.606806 0.548066 0.601367 0.554112 0.601974 0.557133 0.614061 0.560760 0.624332 0.560760 0.627959 0.560760 0.627959 0.569219 0.624332 0.577679 0.626148 0.586138 0.632189 0.593393 0.636418 0.590372 0.638837 0.580699 0.646087 0.574658 0.656969 0.575260 0.661199 0.577679 0.667240 0.578888 0.678117 0.574051 0.684765 0.571638 0.687786 0.568010 0.687786 0.561362 0.688393 0.554112
0 0.592908 0.558342 0.600765 0.558944 0.615872 0.561362 0.625541 0.563173 0.620709 0.578286 0.623122 0.591577 0.629168 0.596413 0.612245 0.598832 0.608622 0.605480 0.615270 0.616959 0.615270 0.626026 0.605597 0.619985 0.598347 0.616357 0.582633 0.621796 0.572964 0.625423 0.563296 0.626026 0.558459 0.629653 0.551209 0.629653 0.553020 0.635092 0.560276 0.636903 0.565714 0.641740 0.568133 0.652010 0.566923 0.663495 0.560276 0.681020 0.556046 0.696730 0.550000 0.703985 0.539730 0.702168 0.537913 0.694918 0.531265 0.691898 0.525224 0.689480 0.524617 0.681020 0.517969 0.676184 0.513138 0.674372 0.505883 0.673765 0.503469 0.670745 0.498031 0.668327 0.490173 0.666515 0.488362 0.665913 0.484128 0.668327 0.482918 0.659867 0.478689 0.655031 0.472648 0.651408 0.464189 0.655031 0.455122 0.655638 0.449077 0.650801 0.452704 0.644760 0.464189 0.639923 0.466000 0.629653 0.466000 0.618776 0.466000 0.610918 0.465393 0.600643 0.464189 0.595204 0.476276 0.601250 0.488362 0.601852 0.495005 0.594602 0.498031 0.592786 0.510117 0.598832 0.519786 0.603663 0.532474 0.610918 0.540934 0.619378 0.544561 0.619378 0.551209 0.611520 0.550000 0.607291 0.548189 0.598224 0.550000 0.592786 0.555439 0.597015 0.559668 0.605480 0.562694 0.608500 0.572964 0.609709 0.577801 0.604270 0.579612 0.598224 0.579612 0.595204 0.587469 0.589163 0.597745 0.586745 0.602577 0.584327 0.603184 0.577679 0.595327 0.568612
0 0.546980 0.581908 0.544561 0.576469 0.540332 0.574051 0.536102 0.574051 0.531872 0.571031 0.524015 0.572847 0.517367 0.573449 0.511929 0.578888 0.510117 0.582515 0.504679 0.585536 0.499240 0.587954 0.501051 0.592786 0.508908 0.594602 0.517969 0.595811 0.528245 0.604872 0.537913 0.607898 0.543352 0.613939 0.545770 0.606689 0.543352 0.598224 0.545770 0.590974
0 0.519179 0.679204 0.511929 0.679204 0.501653 0.679811 0.490173 0.679811 0.478689 0.681020 0.473250 0.682832 0.468418 0.688878 0.464791 0.703985 0.462980 0.716673 0.459352 0.729969 0.458750 0.741454 0.464189 0.746893 0.479898 0.747495 0.482316 0.757163 0.489566 0.762000 0.501653 0.760184 0.514347 0.757163 0.530663 0.750515 0.537913 0.742658 0.541541 0.730577 0.536102 0.724531 0.530056 0.723929 0.528245 0.714862 0.533082 0.710633 0.537913 0.705796 0.537913 0.701566 0.537913 0.698546 0.536704 0.697337 0.533684 0.694918 0.530663 0.694316 0.525827 0.693709 0.524617 0.693107 0.524617 0.690082 0.523408 0.684041
0 0.599556 0.626026 0.606806 0.632066 0.613454 0.636903 0.618291 0.643551 0.616480 0.653219 0.612245 0.661679 0.611036 0.670745 0.614061 0.676184 0.615270 0.681020 0.608622 0.674974 0.604393 0.670143 0.598347 0.668934 0.591699 0.673163 0.595327 0.679204 0.599556 0.684041 0.599556 0.687668 0.596536 0.689480 0.591097 0.691291 0.586867 0.693107 0.582633 0.693709 0.577801 0.691291 0.575985 0.686459 0.579612 0.678602 0.588071 0.667724 0.593510 0.662286 0.599556 0.656847 0.602577 0.652010 0.605597 0.645362 0.603786 0.644153 0.594117 0.644760 0.591699 0.653827 0.588679 0.644760 0.587469 0.639321 0.586867 0.635092 0.594719 0.630862
0 0.570551 0.700959 0.575985 0.704587 0.586260 0.698546 0.595929 0.696128 0.606806 0.702168 0.611643 0.709423 0.606806 0.714862 0.603786 0.723929 0.597745 0.740245 0.588679 0.749306 0.578403 0.752332 0.571153 0.754143 0.563903 0.746893 0.559668 0.738429 0.558459 0.722719 0.562087 0.711235
0 0.495005 0.667117 0.483526 0.671954 0.470837 0.670143 0.460561 0.667724 0.450893 0.673765 0.430342 0.676791 0.433367 0.687061 0.444245 0.694918 0.455122 0.698546 0.458143 0.703985 0.461770 0.709423 0.462980 0.701566 0.464791 0.694918 0.469020 0.686459 0.473250 0.681622 0.479898 0.679204 0.490173 0.678602 0.496214 0.678000 0.500444 0.671352
0 0.402546 0.625423 0.408587 0.628444 0.418862 0.629046 0.424301 0.629653 0.436388 0.636301 0.445454 0.642342 0.448474 0.648990 0.450286 0.654429 0.456332 0.656847 0.466602 0.656847 0.471439 0.656847 0.476276 0.656240 0.479296 0.661077 0.481714 0.665913 0.480505 0.669536 0.467811 0.665306 0.457541 0.664097 0.448474 0.668327 0.442429 0.672556 0.438806 0.673163 0.433969 0.673163 0.428531 0.670143 0.428531 0.662888 0.426719 0.661077 0.423699 0.664704 0.423699 0.669536 0.425510 0.675582 0.426112 0.679811 0.430342 0.686459 0.434577 0.691898 0.445454 0.699148 0.453311 0.703985 0.453913 0.713051 0.449077 0.716673 0.441827 0.710026 0.436990 0.708214 0.428531 0.706403 0.418862 0.703985 0.412816 0.700357 0.409796 0.696128 0.407378 0.690082 0.406776 0.686459 0.412816 0.682832 0.414026 0.679204 0.411612 0.676184 0.402546 0.676791 0.396500 0.677393 0.391061 0.677393 0.386230 0.676184 0.378974 0.673163 0.374143 0.670745 0.372327 0.662888 0.374143 0.655638 0.378974 0.652617 0.386832 0.650199 0.393480 0.648388 0.402546 0.646571 0.409194 0.646571 0.415235 0.646571 0.424301 0.646571 0.424903 0.646571 0.423699 0.643551 0.419464 0.641740 0.412214 0.640531 0.406173 0.640531 0.404357 0.640531 0.398918 0.634485
0 0.456934 0.597622 0.450286 0.598832 0.440617 0.608500 0.427929 0.616959 0.423699 0.625423 0.434577 0.633883 0.446663 0.641133 0.450286 0.643551 0.458143 0.637510 0.462372 0.631464 0.462372 0.620587 0.462372 0.603663
0 0.275638 0.357704 0.283495 0.369189 0.299204 0.372811 0.316128 0.376439 0.313107 0.387918 0.300413 0.392153 0.287724 0.396383 0.278056 0.401214 0.278056 0.407862 0.279867 0.413301 0.291347 0.415719 0.299811 0.412699 0.292556 0.421765 0.281077 0.427204 0.272617 0.430224 0.272617 0.441704 0.270199 0.451372 0.270801 0.464668 0.271408 0.481592 0.269592 0.491260 0.258112 0.503949 0.255092 0.491260 0.253883 0.484010 0.246026 0.480383 0.235148 0.475546 0.227291 0.469505 0.215806 0.468296 0.203117 0.462255 0.180755 0.451372 0.172903 0.445332 0.172903 0.438082 0.184383 0.437474 0.192240 0.434454 0.191031 0.427806 0.183173 0.421765 0.178944 0.418740 0.185592 0.410281 0.193449 0.407862 0.193449 0.401821 0.193449 0.394566 0.193449 0.387316 0.194051 0.379459 0.194051 0.371602 0.192842 0.362541 0.191031 0.355893 0.188010 0.343806 0.186801 0.330510 0.185592 0.322653 0.184383 0.314194 0.183781 0.308148 0.183781 0.300291 0.183173 0.292439 0.180755 0.279143 0.181964 0.267056 0.184990 0.257388 0.189821 0.250740 0.194658 0.248321 0.200097 0.247714 0.207954 0.249531 0.215806 0.252551 0.222454 0.256179 0.224270 0.261010 0.232730 0.256781 0.229709 0.251949 0.226684 0.246510 0.225480 0.242276 0.225480 0.240464 0.233332 0.235628 0.246026 0.236235 0.254485 0.241071 0.257505 0.244694 0.259923 0.248321 0.259923 0.253760 0.247837 0.273704 0.247837 0.280954 0.238770 0.276724 0.228500 0.273097 0.212184 0.271888 0.203719 0.274306 0.199490 0.288204 0.194051 0.301500 0.197077 0.320842 0.205536 0.331112 0.219434 0.331112 0.213393 0.341990 0.207954 0.357102 0.209158 0.380668 0.210974 0.395776 0.221245 0.401821 0.238168 0.409071 0.253276 0.410281 0.264760 0.402423 0.275031 0.386107 0.275638 0.371602
0 0.229709 0.474944 0.230918 0.491260 0.230918 0.503949 0.218832 0.501536 0.207954 0.494281 0.193449 0.490051 0.177133 0.485821 0.165046 0.482194 0.155378 0.476755 0.135434 0.476153 0.120327 0.473735 0.116699 0.477964 0.122138 0.488842 0.130597 0.496699 0.139663 0.496699 0.156582 0.499117 0.175923 0.499719 0.194658 0.502745 0.201306 0.508184 0.212184 0.511806 0.218832 0.517852 0.229709 0.520270 0.242398 0.519061 0.247235 0.514832 0.252673 0.509388 0.253883 0.499117 0.253883 0.491867 0.252673 0.485219
0 0.130597 0.505158 0.129995 0.514224 0.130597 0.525709 0.137852 0.540816 0.145102 0.550485 0.155378 0.552296 0.174107 0.555923 0.180755 0.552296 0.189821 0.546255 0.199490 0.537189 0.203719 0.526311 0.207347 0.517245 0.206745 0.513015 0.198888 0.515434 0.189821 0.520270 0.178944 0.520872 0.159000 0.519663 0.145704 0.516643 0.140265 0.508786
0 0.201908 0.532357 0.208556 0.532357 0.224270 0.530541 0.229709 0.530541 0.236959 0.528122 0.241796 0.523893 0.247837 0.523291 0.252066 0.529939 0.255092 0.530541 0.256903 0.532959 0.264153 0.549883 0.267173 0.555923 0.261133 0.572240 0.258112 0.578286 0.257505 0.583117 0.249046 0.583724 0.238770 0.583117 0.228500 0.581306 0.222454 0.575867 0.216413 0.570429 0.204929 0.563781 0.199490 0.563781 0.186801 0.563781 0.176526 0.563781 0.180153 0.556526 0.189821 0.551087 0.194051 0.546857
0 0.260531 0.536587 0.265969 0.550485 0.272617 0.566801 0.272617 0.580097 0.265362 0.591577 0.255092 0.597622 0.249046 0.599434 0.245418 0.603663 0.238168 0.607898 0.239980 0.612730 0.246026 0.616959 0.245418 0.626026 0.244816 0.635694 0.249648 0.639923 0.258714 0.640531 0.265362 0.635092 0.275638 0.636301 0.282888 0.637510 0.289536 0.633883 0.297393 0.633276 0.308872 0.638714 0.319148 0.645362 0.326398 0.650199 0.332444 0.650199 0.343321 0.650199 0.347551 0.648388 0.352388 0.643551 0.352388 0.638112 0.349969 0.632673 0.347551 0.625423 0.343923 0.616357 0.346342 0.610311 0.351781 0.602459 0.352388 0.592184 0.350571 0.583117 0.349969 0.576469 0.347551 0.568010 0.342719 0.563173 0.334862 0.561964 0.328214 0.562571 0.322168 0.568612 0.324587 0.580097 0.319750 0.589163 0.316128 0.589765 0.314311 0.584327 0.314311 0.577679 0.313107 0.569821 0.310082 0.565592 0.302832 0.565592 0.296184 0.567408 0.289536 0.568010 0.285306 0.564990 0.278658 0.560153 0.275638 0.551087 0.278658 0.548066 0.284097 0.551694 0.286515 0.555923 0.290143 0.557133 0.296184 0.555923 0.303434 0.555923 0.310082 0.558342 0.313709 0.558342 0.317939 0.557133 0.320959 0.550485 0.320959 0.540816 0.319148 0.533561 0.315520 0.528730 0.311898 0.523291 0.308270 0.518454 0.304643 0.515434 0.298602 0.515434 0.287117 0.515434 0.282286 0.517852 0.278056 0.525102 0.276847 0.531148 0.269592 0.537796
0 0.235750 0.614541 0.230311 0.619378 0.222454 0.630255 0.221245 0.644153 0.223663 0.656240 0.235750 0.662888 0.259923 0.660474 0.278658 0.655638 0.284699 0.642949 0.283495 0.637510 0.272010 0.637510 0.262342 0.638714 0.250857 0.642342 0.241796 0.636903 0.244209 0.619985
0 0.155786 0.579235 0.154107 0.585107 0.152847 0.592663 0.156204 0.603995 0.157464 0.609449 0.156622 0.616587 0.162500 0.625398 0.165439 0.628337 0.180964 0.626235 0.185163 0.620781 0.192714 0.615327 0.208663 0.616163 0.212862 0.617005 0.223770 0.616163 0.228806 0.612388 0.235102 0.606510 0.244337 0.600219 0.245597 0.598959 0.248531 0.595602 0.253990 0.592663 0.257765 0.589306 0.251051 0.584689 0.244755 0.586367 0.240138 0.588046 0.227969 0.586786 0.223770 0.587209 0.218735 0.585949 0.212439 0.587628 0.210760 0.593923 0.205724 0.596020 0.198592 0.593505 0.194393 0.589724 0.190617 0.587628 0.184321 0.585949 0.178449 0.583429 0.173413 0.583010 0.168378 0.585531 0.163337 0.583010 0.161658 0.580071
0 0.388240 0.588679 0.395796 0.586158 0.402929 0.587837 0.409643 0.593714 0.409643 0.600847 0.410066 0.610082 0.407128 0.615954 0.402929 0.620153 0.397056 0.622250 0.392439 0.636097 0.391179 0.641556 0.388240 0.644071 0.379847 0.646173 0.374393 0.646173 0.370617 0.644913 0.366418 0.646173 0.365577 0.651628 0.367260 0.658760 0.367260 0.662117 0.362219 0.664638 0.354250 0.667153 0.350893 0.671770 0.358026 0.677648 0.374811 0.682265 0.383622 0.683520 0.395796 0.684362 0.402510 0.686459 0.404607 0.691495 0.402929 0.693173 0.396214 0.691913 0.391179 0.691077 0.385724 0.696531 0.376908 0.694434 0.373974 0.694015 0.368939 0.696112 0.360964 0.696531 0.355087 0.692755 0.352571 0.691495 0.350051 0.687301 0.345015 0.690658 0.340816 0.694434 0.333265 0.694434 0.326551 0.686878 0.323194 0.682684 0.322770 0.677230 0.322770 0.670092 0.328230 0.664219 0.328648 0.660862 0.331587 0.658760 0.341658 0.657082 0.351730 0.653306 0.355929 0.648270 0.361383 0.642816 0.369776 0.637776 0.377332 0.635679 0.379847 0.630643 0.384046 0.623510 0.386143 0.617214 0.389082 0.611760 0.388240 0.604622 0.386143 0.595811
