0 0.408247 0.420296 0.402595 0.417358 0.400856 0.417358 0.393899 0.422396 0.390422 0.428271 0.387813 0.434147 0.384770 0.435406 0.379121 0.437503 0.376511 0.439601 0.382598 0.442120 0.386509 0.443379 0.388250 0.446736 0.391727 0.450514 0.401724 0.448836 0.404767 0.451773 0.406942 0.455130 0.415201 0.450514 0.416506 0.450514 0.419115 0.449254 0.422158 0.445476 0.422158 0.440441 0.421721 0.435406 0.420853 0.431209 0.419115 0.428690 0.418244 0.427853 0.414333 0.426171 0.410853 0.425334
0 0.582138 0.633491 0.578658 0.636428 0.573876 0.637688 0.568224 0.637688 0.566485 0.641044 0.569528 0.643142 0.573876 0.646079 0.575181 0.648598 0.579528 0.654892 0.588658 0.651955 0.590396 0.648598 0.584310 0.634750
0 0.574747 0.558788 0.578658 0.554172 0.579092 0.552913 0.579528 0.549556 0.580833 0.547459 0.592135 0.550815 0.596482 0.550815 0.598655 0.552494 0.602135 0.556691 0.606046 0.557950 0.610393 0.555431 0.611261 0.552494 0.612566 0.557110 0.609523 0.561726 0.609960 0.562985 0.619089 0.562566 0.623000 0.559629 0.628218 0.560888 0.629086 0.565504 0.624304 0.569701 0.616914 0.569280 0.621695 0.574317 0.626914 0.580193 0.623870 0.581871 0.616480 0.581871 0.611698 0.582709 0.607784 0.584390 0.606480 0.589844 0.606046 0.591103 0.602135 0.593622 0.596916 0.595719 0.593439 0.596141 0.587353 0.595719 0.582135 0.591944 0.577790 0.589006 0.569528 0.589006 0.569962 0.587328 0.574310 0.582290 0.573876 0.577255 0.573876 0.573058 0.575181 0.569701 0.579092 0.565923 0.581267 0.565085 0.582135 0.559210 0.578224 0.559210
0 0.613437 0.559629 0.618218 0.553334 0.620391 0.545778 0.622566 0.542002 0.626043 0.536546 0.629520 0.532349 0.637781 0.534448 0.642129 0.536965 0.647778 0.539902 0.653865 0.543262 0.656474 0.545359 0.657778 0.548715 0.656040 0.550815 0.646911 0.550815 0.640391 0.550815 0.635172 0.552913 0.628218 0.554172 0.623000 0.555013 0.619089 0.558369
0 0.600830 0.510528 0.601264 0.508009 0.604307 0.505490 0.606480 0.505490 0.613003 0.509687 0.620827 0.511366 0.624738 0.511784 0.628652 0.517660 0.629957 0.522279 0.629086 0.528154 0.624738 0.533189 0.620391 0.536965 0.616046 0.541162 0.612132 0.542421 0.610393 0.535708 0.607350 0.531092 0.605178 0.528992 0.605612 0.523116 0.606916 0.517241 0.605178 0.515144
0 0.595178 0.522279 0.592135 0.521857 0.587787 0.515144 0.587353 0.512206 0.587353 0.509268 0.587353 0.506331 0.588221 0.502971 0.588221 0.499615 0.592135 0.497936 0.596049 0.497936 0.598655 0.498355 0.600393 0.494999 0.600393 0.491642 0.596916 0.488283 0.596916 0.485348 0.598655 0.485348 0.605178 0.487445 0.609523 0.491642 0.615175 0.496677 0.618652 0.500034 0.622132 0.505071 0.624304 0.509268 0.620827 0.509687 0.616480 0.509268 0.609523 0.505490 0.604307 0.505071 0.599092 0.507168 0.596916 0.513466 0.598655 0.518919
0 0.614304 0.458486 0.615609 0.458486 0.624738 0.458908 0.629086 0.461005 0.632563 0.463943 0.637781 0.470237 0.640824 0.477791 0.642997 0.483248 0.645172 0.485348 0.646477 0.487864 0.646477 0.489964 0.648215 0.496258 0.650822 0.500455 0.652126 0.502971 0.653865 0.505490 0.655606 0.508009 0.658212 0.514722 0.659083 0.516822 0.660388 0.520598 0.660388 0.522279 0.656908 0.523116 0.653431 0.521019 0.650822 0.518919 0.648649 0.521019 0.647778 0.525216 0.642129 0.526473 0.640824 0.526473 0.638649 0.520179 0.636043 0.516822 0.633434 0.513466 0.630824 0.511366 0.625609 0.507168 0.619957 0.502971 0.616046 0.498355 0.611698 0.494580 0.607784 0.491220 0.605178 0.488704 0.599960 0.484088 0.598221 0.482410 0.603437 0.476953 0.608655 0.478213 0.609523 0.470659 0.609523 0.464362
0 0.617784 0.450514 0.622566 0.447576 0.629086 0.443798 0.637347 0.443379 0.642563 0.445476 0.647778 0.449254 0.651692 0.453033 0.655606 0.455970 0.657778 0.458908 0.658646 0.466040 0.658212 0.471916 0.653431 0.477791 0.648649 0.483248 0.647345 0.484926 0.642563 0.479051 0.640391 0.472756 0.636911 0.467300 0.630391 0.460586 0.626477 0.458908 0.620827 0.456389 0.616914 0.455130
0 0.619523 0.337621 0.617347 0.338461 0.614304 0.338461 0.610393 0.336364 0.603003 0.335524 0.600393 0.338461 0.597350 0.346015 0.590396 0.359025 0.586482 0.365739 0.581267 0.371195 0.576485 0.376652 0.571704 0.382108 0.568661 0.385465 0.565618 0.397216 0.564747 0.402670 0.563442 0.406029 0.557793 0.409805 0.547793 0.417358 0.540402 0.420718 0.535187 0.424493 0.532577 0.432047 0.534316 0.435406 0.539534 0.441282 0.542577 0.443379 0.546922 0.444219 0.549531 0.441701 0.549531 0.434985 0.553008 0.431209 0.559531 0.427431 0.566919 0.426593 0.572138 0.425753 0.572572 0.422815 0.572572 0.416521 0.575181 0.410645 0.579092 0.407288 0.588221 0.402670 0.592569 0.401413 0.596916 0.397216 0.604741 0.392178 0.609960 0.387562 0.614741 0.382946 0.617784 0.378749 0.618218 0.375392 0.617347 0.371614 0.616914 0.370776 0.621261 0.367839 0.622566 0.365739 0.622566 0.359863 0.619957 0.351472 0.623000 0.347693 0.624738 0.343496
0 0.600393 0.333845 0.596482 0.331326 0.591264 0.329648 0.586049 0.327129 0.579528 0.329229 0.582572 0.333845 0.583005 0.336783 0.583005 0.338880 0.579528 0.338461 0.576049 0.333005 0.574747 0.329648 0.573005 0.328389 0.569095 0.330067 0.567356 0.330908 0.563008 0.326292 0.559965 0.325032 0.556922 0.322094 0.554313 0.318738 0.549097 0.318316 0.546922 0.319576 0.545620 0.324613 0.545620 0.327551 0.543445 0.330489 0.542577 0.337621 0.542577 0.342658 0.543011 0.343496 0.548664 0.346015 0.550402 0.346434 0.548227 0.353988 0.542577 0.359444 0.537359 0.366579 0.536054 0.372455 0.543011 0.373714 0.552574 0.380008 0.559095 0.374552 0.565618 0.362382 0.566485 0.358185 0.570833 0.355247 0.572138 0.369936 0.572138 0.370357 0.579092 0.367420 0.583005 0.364060 0.587787 0.359444 0.590830 0.355247 0.595178 0.349372 0.597350 0.345177
0 0.529100 0.377911 0.533448 0.373295 0.543879 0.373295 0.547359 0.375811 0.549531 0.380427 0.549531 0.388403 0.545620 0.395956 0.537359 0.403510 0.532143 0.406029 0.526491 0.406029 0.520839 0.405607 0.515623 0.403091 0.513448 0.398894 0.513885 0.396375 0.519971 0.395538 0.525620 0.394697 0.529968 0.390081 0.529968 0.386303
0 0.543014 0.345602 0.529968 0.359025 0.525187 0.360704 0.516057 0.362801 0.518233 0.373295 0.522143 0.377490 0.527362 0.377911 0.534316 0.372036 0.536925 0.365739 0.542141 0.358607 0.548221 0.349791
0 0.449546 0.339302 0.458238 0.346015 0.463023 0.347693 0.465195 0.353150 0.468238 0.358607 0.470848 0.363641 0.471715 0.368676 0.471281 0.372036 0.468672 0.374973 0.464325 0.377911 0.459109 0.378330 0.456066 0.378330 0.452589 0.378330 0.452152 0.370776 0.451284 0.365739 0.448241 0.360704 0.445198 0.356925 0.443894 0.352309 0.446066 0.344337
0 0.477368 0.374973 0.479977 0.371195 0.482583 0.371195 0.484758 0.373714 0.483454 0.381687 0.479977 0.386303 0.474325 0.394697 0.469543 0.400154 0.463457 0.404770 0.455632 0.408126 0.448675 0.406029 0.444327 0.403510 0.440850 0.397635 0.445632 0.394278 0.449546 0.390922 0.453023 0.385465 0.455195 0.382527 0.463891 0.378749 0.469106 0.374973 0.471281 0.374552
0 0.486063 0.372873 0.489974 0.367420 0.494322 0.367839 0.499537 0.369936 0.506494 0.370357 0.512146 0.374973 0.512580 0.380427 0.512580 0.385884 0.510842 0.388822 0.502146 0.394697 0.497799 0.397635 0.493017 0.401413 0.485626 0.407707 0.483454 0.411483 0.480845 0.414002 0.479977 0.411064 0.478235 0.405607 0.475192 0.402251 0.474325 0.398054 0.478672 0.393019 0.483020 0.386724 0.484758 0.382527
0 0.513014 0.404770 0.512146 0.401413 0.510842 0.398894 0.513014 0.395956 0.516057 0.394278 0.517362 0.393438 0.516491 0.389662 0.514319 0.389240 0.509103 0.392600 0.503885 0.396375 0.497799 0.399732 0.493451 0.401832 0.487802 0.408126 0.486063 0.412742 0.485192 0.416939 0.487802 0.422396 0.492583 0.426171 0.494756 0.430369 0.497799 0.433728 0.504756 0.436244 0.505623 0.436244 0.506060 0.434147 0.503885 0.428690 0.503885 0.421137 0.505189 0.414002 0.508233 0.408967 0.510408 0.407288
0 0.429549 0.420296 0.426506 0.421977 0.423026 0.425334 0.420853 0.429531 0.420419 0.434147 0.422158 0.441701 0.421721 0.448836 0.419983 0.450933 0.415201 0.451773 0.411290 0.454289 0.408681 0.458068 0.406942 0.468140 0.409115 0.469818 0.410419 0.470237 0.416506 0.467721 0.420853 0.464784 0.422592 0.464784 0.425201 0.464784 0.425201 0.463943 0.420853 0.459746 0.419983 0.455549 0.423896 0.454289 0.427807 0.453033 0.431287 0.450095 0.435198 0.446317 0.438241 0.442120 0.438241 0.437085 0.435198 0.432469 0.432155 0.430790 0.430417 0.427012
0 0.429112 0.381687 0.428678 0.381268 0.424330 0.383787 0.419115 0.392600 0.417376 0.392600 0.414333 0.393438 0.415638 0.401832 0.417376 0.408967 0.417376 0.411904 0.422158 0.417780 0.424764 0.417780 0.429549 0.417780 0.435635 0.412742 0.439546 0.406867 0.439112 0.401832 0.436069 0.396375 0.432592 0.390500
0 0.446503 0.371614 0.442589 0.373714 0.438678 0.377911 0.432592 0.378749 0.428678 0.377911 0.430850 0.389662 0.433894 0.394697 0.436937 0.398475 0.439546 0.401413 0.440850 0.402251 0.441284 0.396794 0.440850 0.390081 0.443023 0.385465 0.446066 0.380849
0 0.422158 0.471078 0.424764 0.467300 0.424764 0.466040 0.418244 0.464784 0.416072 0.466040 0.412595 0.471078 0.409115 0.472337 0.403899 0.471497 0.398247 0.472756 0.391727 0.480729 0.387379 0.484088 0.386075 0.488704 0.387813 0.489542 0.396509 0.489542 0.402161 0.485348 0.405204 0.483667 0.408681 0.488704 0.412158 0.489123 0.415638 0.487445 0.418244 0.484507 0.419115 0.480310 0.418678 0.476953
0 0.518233 0.633910 0.527362 0.635169 0.529100 0.637266 0.529534 0.641044 0.526925 0.647339 0.523882 0.651117 0.518233 0.653214 0.508666 0.654055 0.503451 0.652795 0.502580 0.650276 0.502146 0.644401 0.506060 0.641044 0.509103 0.639785 0.517362 0.640204
0 0.606480 0.606632 0.603003 0.603694 0.595178 0.601595 0.587787 0.601595 0.582572 0.604532 0.581701 0.610408 0.588221 0.614186 0.597787 0.614605 0.604307 0.614605 0.608655 0.613345 0.612566 0.611248
0 0.613870 0.611248 0.609523 0.608311 0.603437 0.603694 0.599526 0.602016 0.597350 0.597397 0.598221 0.593622 0.602569 0.590265 0.606916 0.585228 0.609960 0.582709 0.613437 0.582709 0.624304 0.582290 0.629957 0.580612 0.633000 0.578514 0.637781 0.575996 0.641692 0.573898 0.648649 0.570539 0.653865 0.570961 0.659951 0.572217 0.663865 0.574736 0.665169 0.578093 0.665169 0.581452 0.662994 0.583968 0.657778 0.588584 0.653431 0.591103 0.650388 0.591944 0.642563 0.592362 0.634304 0.589844 0.628652 0.588165 0.621261 0.588165 0.624738 0.594041 0.626477 0.597397 0.625175 0.600757 0.623870 0.602435 0.622566 0.605792 0.619957 0.607892
0 0.606916 0.421555 0.607350 0.418199 0.609523 0.416939 0.613003 0.415261 0.618652 0.413583 0.623870 0.413583 0.630391 0.416102 0.633000 0.418199 0.635172 0.421555 0.636043 0.426593 0.635172 0.431628 0.633434 0.437503 0.631695 0.440022 0.627347 0.443379 0.613437 0.448836 0.612566 0.449254 0.609089 0.448836 0.609960 0.443379 0.610827 0.439182 0.611261 0.432887 0.610827 0.427853
0 0.467368 0.334683 0.463023 0.335942 0.461718 0.336783 0.461281 0.340980 0.462586 0.347693 0.466500 0.353150 0.468672 0.360704 0.473454 0.368676 0.476497 0.370357 0.477802 0.370357 0.482583 0.369098 0.487802 0.368676 0.490845 0.366998 0.491712 0.364482 0.488669 0.359444 0.487365 0.356088 0.487365 0.353150 0.483020 0.347693 0.482583 0.340140 0.484322 0.337621 0.484758 0.336364 0.483888 0.334683 0.480845 0.332586 0.477802 0.330908 0.473891 0.331326 0.472586 0.332586 0.472149 0.337621 0.475192 0.344756 0.477368 0.348112 0.479106 0.351891 0.479540 0.355247 0.479106 0.356507 0.476934 0.356925 0.474758 0.351472 0.473891 0.350212 0.471715 0.346015 0.469977 0.342240 0.469543 0.340980 0.468238 0.337621
0 0.487802 0.354409 0.490845 0.361963 0.492149 0.363641 0.494756 0.367420 0.506060 0.370357 0.511276 0.365739 0.513014 0.362382 0.513014 0.357347 0.509971 0.355247 0.499974 0.357347 0.494322 0.356507 0.491279 0.353988
0 0.633868 0.363641 0.639520 0.359863 0.640391 0.357766 0.639954 0.354409 0.637781 0.351050 0.636043 0.348534 0.631261 0.345596 0.628218 0.344756 0.625175 0.345596 0.622566 0.348534 0.621695 0.351891 0.623000 0.358185 0.623434 0.362382 0.620391 0.366998 0.619957 0.373714 0.625175 0.372455 0.628652 0.370776 0.631261 0.368676
0 0.647778 0.374133 0.645606 0.372036 0.633000 0.370357 0.627781 0.374973 0.625609 0.377911 0.623870 0.381687 0.623870 0.388403 0.624304 0.393856 0.626043 0.398054 0.626477 0.398054 0.633000 0.396794 0.635606 0.394278 0.640824 0.389662 0.645172 0.386303 0.648649 0.383787 0.650822 0.382527 0.649954 0.377911
0 0.623000 0.387143 0.623000 0.385465 0.619957 0.385465 0.609523 0.390922 0.602135 0.395956 0.597350 0.400154 0.596916 0.408967 0.599526 0.412323 0.604307 0.413164 0.614304 0.409805 0.619089 0.406029 0.622566 0.402251 0.623434 0.395538
0 0.611698 0.412742 0.622132 0.406448 0.623870 0.404770 0.630824 0.402670 0.638215 0.400991 0.641258 0.403091 0.640824 0.406448 0.646911 0.406029 0.652126 0.404770 0.657778 0.404770 0.659083 0.405188 0.662994 0.406448 0.663431 0.411904 0.662126 0.416102 0.659083 0.417358 0.648215 0.416102 0.642129 0.417780 0.637347 0.421137 0.633000 0.415680 0.627347 0.411904 0.621261 0.411904
0 0.399986 0.512206 0.398247 0.507168 0.394770 0.504231 0.390856 0.501293 0.388250 0.497936 0.387813 0.491220 0.386509 0.485348 0.387379 0.482829 0.389988 0.480310 0.391293 0.479472 0.391293 0.478632 0.383032 0.478632 0.379121 0.479472 0.374336 0.479472 0.369121 0.478632 0.367816 0.476534 0.363034 0.476534 0.362167 0.479051 0.365210 0.484507 0.366511 0.490383 0.365210 0.493320 0.369555 0.499196 0.373902 0.505071 0.375641 0.509268 0.377816 0.516403 0.382164 0.521019 0.389552 0.523957 0.396075 0.522698 0.397379 0.519341
0 0.475192 0.587328 0.465629 0.586906 0.461281 0.582709 0.455632 0.582290 0.452152 0.583968 0.448675 0.588165 0.444764 0.595300 0.442589 0.596560 0.437807 0.597819 0.436069 0.599078 0.432592 0.604954 0.431287 0.609570 0.429549 0.615445 0.426940 0.620899 0.425201 0.626356 0.425201 0.629712 0.429549 0.636428 0.433026 0.642723 0.433460 0.649439 0.435198 0.656992 0.438241 0.661608 0.445198 0.662449 0.446503 0.661608 0.449546 0.656992 0.448675 0.645242 0.451718 0.641885 0.453023 0.641463 0.455195 0.641463 0.458675 0.646920 0.459109 0.651536 0.459109 0.652376 0.466063 0.651536 0.468238 0.651117 0.474325 0.651117 0.478672 0.651117 0.479540 0.649439 0.478235 0.646501 0.471715 0.638947 0.472586 0.637266 0.474325 0.633910 0.473020 0.630972 0.462152 0.626775 0.459109 0.625096 0.456500 0.621321 0.456500 0.618383 0.458675 0.615024 0.461281 0.615024 0.463891 0.613345 0.464325 0.608729 0.464325 0.606211 0.464761 0.599916 0.467804 0.595719 0.472149 0.592362
0 0.423463 0.625515 0.426940 0.620899 0.428244 0.617124 0.429983 0.612086 0.431721 0.606211 0.433026 0.602435 0.432592 0.597397 0.430417 0.592781 0.427373 0.589006 0.423896 0.586906 0.423463 0.584809 0.423463 0.581871 0.423463 0.580612 0.416506 0.581030 0.410853 0.582709 0.412158 0.586068 0.415201 0.587746 0.418244 0.590265 0.420419 0.595300 0.420853 0.599497 0.418678 0.604113 0.416506 0.609148 0.413896 0.614605 0.412595 0.620061 0.415201 0.623837 0.417376 0.624677 0.419115 0.625515
0 0.416072 0.597400 0.413463 0.596141 0.410853 0.595719 0.406072 0.601176 0.403465 0.607470 0.403029 0.614605 0.404333 0.619221 0.406942 0.622580 0.409986 0.625096 0.414333 0.626775 0.415201 0.627196 0.416072 0.625937 0.415638 0.623418 0.414767 0.622999 0.412595 0.620899 0.411724 0.615024 0.413463 0.612086 0.414767 0.609570 0.416072 0.606211 0.417376 0.603273
0 0.378684 0.577674 0.377816 0.578093 0.375207 0.581871 0.376511 0.583549 0.382598 0.583968 0.385641 0.585228 0.386075 0.585228 0.384770 0.588165 0.380859 0.589844 0.373902 0.591103 0.370425 0.592362 0.367382 0.594881 0.366511 0.598657 0.366948 0.602435 0.369121 0.605792 0.370425 0.607470 0.374336 0.607470 0.380859 0.605792 0.384336 0.604532 0.389988 0.603273 0.400856 0.601176 0.403029 0.600335 0.404767 0.599078 0.409986 0.596978 0.414767 0.596560 0.417376 0.595719 0.417376 0.594041 0.415638 0.588584 0.414767 0.587746 0.412158 0.584390 0.409986 0.581452 0.407376 0.579771 0.404767 0.578093 0.404767 0.577255 0.400422 0.575577 0.396509 0.578093 0.394336 0.578933 0.386945 0.575577 0.383465 0.574317
0 0.406506 0.553334 0.408247 0.551653 0.417376 0.549975 0.420419 0.551234 0.426940 0.557529 0.428244 0.562147 0.428678 0.566342 0.426940 0.569280 0.424764 0.574317 0.422592 0.579352 0.419549 0.580612 0.413463 0.580612 0.412158 0.580612 0.406942 0.576414 0.407376 0.571798 0.409552 0.566763 0.409552 0.562566 0.407810 0.559210
0 0.493888 0.590265 0.497799 0.589425 0.502580 0.589844 0.506928 0.592781 0.507365 0.593203 0.508233 0.597819 0.508233 0.602854 0.509537 0.607892 0.512146 0.612086 0.513885 0.617124 0.510408 0.619221 0.504756 0.621321 0.492583 0.624259 0.487802 0.624259 0.486931 0.627196 0.496060 0.635588 0.499103 0.638526 0.499974 0.641044 0.498669 0.644823 0.496060 0.648598 0.497365 0.655733 0.503451 0.657411 0.510842 0.657411 0.518666 0.657411 0.527796 0.655733 0.527796 0.656152 0.521710 0.663287 0.513014 0.666643 0.507365 0.668743 0.500842 0.669162 0.492583 0.662027 0.490408 0.659511 0.489540 0.654474 0.487365 0.649017 0.482149 0.646079 0.476934 0.641463 0.476934 0.638526 0.476497 0.630972 0.473020 0.624677 0.467804 0.617961 0.469106 0.616283 0.472149 0.613767 0.477368 0.610829 0.483454 0.610416 0.489962 0.607484 0.497368 0.604105 0.496494 0.596978
0 0.524753 0.587328 0.517796 0.589844 0.512580 0.591944 0.512146 0.595300 0.511710 0.600335 0.512146 0.606632 0.513448 0.612508 0.515189 0.617543 0.515623 0.619221 0.513014 0.623418 0.512580 0.625937 0.513448 0.630553 0.516057 0.632650 0.519100 0.629293 0.521710 0.624677 0.524319 0.621740 0.533882 0.619643 0.537793 0.616705 0.538664 0.613767 0.535620 0.610829 0.529968 0.606632 0.526925 0.600335 0.525187 0.592781
0 0.552141 0.603273 0.555184 0.602016 0.558227 0.604113 0.559531 0.608729 0.553445 0.622580 0.550402 0.630134 0.547793 0.633910 0.543879 0.636009 0.535187 0.636009 0.529534 0.635169 0.526491 0.627615 0.525620 0.623418 0.532143 0.617543 0.539968 0.614186 0.543445 0.610829
0 0.563008 0.600757 0.563442 0.606211 0.562574 0.612086 0.558227 0.617961 0.558227 0.620480 0.562574 0.622159 0.573442 0.617961 0.574747 0.618383 0.577353 0.627615 0.586919 0.626775 0.589526 0.624259 0.591701 0.620061 0.594744 0.618383 0.599960 0.615445 0.599092 0.613767 0.592569 0.612927 0.586919 0.612927 0.583439 0.608311 0.585615 0.604532 0.584744 0.599916 0.581701 0.596978 0.578658 0.595300 0.572138 0.595300 0.567356 0.596978
0 0.556051 0.622999 0.563442 0.622159 0.572138 0.619221 0.573442 0.619221 0.575615 0.627615 0.575615 0.631391 0.575181 0.633491 0.569962 0.636009 0.563876 0.636428 0.561704 0.638947 0.566051 0.644401 0.569528 0.645242 0.573005 0.649017 0.570833 0.651536 0.564313 0.651955 0.559531 0.645660 0.556051 0.643563 0.550836 0.643563 0.548664 0.643563 0.548227 0.637688 0.552141 0.630972 0.553008 0.629293
