0 0.388879 0.588927 0.387399 0.586914 0.384931 0.583890 0.383450 0.583388 0.380487 0.582885 0.379502 0.582885 0.375554 0.584898 0.375554 0.586409 0.376539 0.589432 0.374071 0.594466 0.373578 0.596985 0.379502 0.600008 0.382463 0.599503 0.388384 0.598495 0.390852 0.597992 0.391840 0.599000 0.392827 0.602524 0.396281 0.605547 0.399736 0.606050 0.405660 0.606050 0.407141 0.606553 0.411089 0.615115 0.414050 0.614108 0.416518 0.611087 0.417010 0.608066 0.415037 0.606553 0.412569 0.605042 0.411089 0.601519 0.410101 0.598495 0.408128 0.595979 0.406153 0.594466 0.401712 0.594466 0.397268 0.594971 0.393320 0.593461
0 0.530527 0.628712 0.529047 0.625186 0.525099 0.625186 0.521643 0.625691 0.517694 0.630223 0.516709 0.631733 0.516214 0.632741 0.515226 0.634252 0.514734 0.635762 0.512761 0.637778 0.507330 0.641304 0.501408 0.642814 0.492031 0.645835 0.489563 0.648354 0.487588 0.649864 0.487588 0.652885 0.487588 0.654901 0.489068 0.656914 0.495980 0.657419 0.497460 0.656411 0.498940 0.654396 0.503876 0.650872 0.506345 0.650367 0.509798 0.650367 0.514241 0.652383 0.517202 0.653893 0.523618 0.653390 0.527567 0.649864 0.529539 0.643317 0.529539 0.637778
0 0.640588 0.405615 0.640096 0.403600 0.636147 0.399571 0.630719 0.399068 0.621342 0.399068 0.612950 0.400076 0.609002 0.403600 0.608014 0.406623 0.607521 0.410652 0.608509 0.413673 0.616406 0.414681 0.617394 0.415183 0.619366 0.420723 0.624302 0.419212 0.626771 0.415183 0.630224 0.413673 0.632692 0.415686 0.635652 0.417199 0.639108 0.414175 0.640096 0.412162
0 0.440700 0.605547 0.441195 0.605547 0.445144 0.605547 0.447117 0.606050 0.450080 0.607058 0.455509 0.607058 0.459457 0.607058 0.468834 0.612095 0.471302 0.612597 0.473770 0.614613 0.475743 0.616626 0.477718 0.620152 0.478703 0.623676 0.478703 0.625691 0.478211 0.628712 0.478211 0.629215 0.476238 0.629215 0.474755 0.626699 0.473770 0.625186 0.472782 0.624181 0.470314 0.623676 0.468834 0.622670 0.466858 0.621157 0.463898 0.619647 0.457977 0.618642 0.456001 0.618642 0.454521 0.618642 0.454521 0.617128 0.454028 0.615115 0.451560 0.612597 0.446624 0.610581 0.445144 0.609071
0 0.378022 0.538063 0.379007 0.542092 0.380487 0.545618 0.380487 0.547631 0.378514 0.551660 0.375059 0.556697 0.372098 0.558207 0.367657 0.559215 0.363709 0.559215 0.360253 0.558712 0.356797 0.562741 0.357292 0.567272 0.361241 0.570293 0.364694 0.571301 0.369630 0.567775 0.373086 0.566265 0.375554 0.564754 0.378019 0.562236 0.385423 0.556697 0.388879 0.554684 0.391347 0.555689 0.395788 0.558207 0.397268 0.558712 0.399736 0.556194 0.399736 0.554684 0.399736 0.553170 0.398256 0.550149 0.397268 0.548639 0.395788 0.546121 0.392332 0.542092 0.384436 0.539573
0 0.558661 0.357772 0.558166 0.356764 0.550764 0.355254 0.549281 0.356262 0.549281 0.358275 0.546321 0.360291 0.537436 0.360291 0.532007 0.358780 0.529539 0.359788 0.528554 0.364822 0.528554 0.368851 0.529539 0.372880 0.531020 0.376908 0.532503 0.378422 0.535956 0.378924 0.539412 0.378924 0.541880 0.380937 0.545828 0.382450 0.550764 0.382953 0.551257 0.381945 0.550764 0.377916 0.549776 0.373385 0.550269 0.369356 0.553725 0.367340 0.556193 0.365327
0 0.633187 0.422233 0.632199 0.420220 0.627756 0.419715 0.624302 0.422233 0.621834 0.425759 0.619366 0.426262 0.618379 0.426262 0.619859 0.430796 0.623315 0.433314 0.626275 0.439356 0.626275 0.440364 0.626771 0.441874 0.629239 0.442882 0.631704 0.443385 0.634172 0.443385 0.637628 0.441874 0.641576 0.438348 0.640096 0.431804 0.638616 0.428780 0.637628 0.425257
0 0.650953 0.436838 0.649473 0.435327 0.646512 0.434319 0.642069 0.435327 0.639108 0.438854 0.637628 0.443385 0.635652 0.445401 0.632692 0.446406 0.629731 0.448422 0.627756 0.452953 0.628743 0.457487 0.631211 0.457990 0.634667 0.456479 0.637135 0.453458 0.639108 0.451443 0.640588 0.449932 0.649473 0.448422 0.652433 0.444393
0 0.632692 0.462018 0.635652 0.458495 0.638120 0.454969 0.642564 0.451443 0.647005 0.449932 0.655397 0.452953 0.660825 0.456479 0.661810 0.457487 0.662306 0.460005 0.662306 0.461516 0.659838 0.463529 0.656382 0.465039 0.650953 0.468566 0.647500 0.471587 0.646512 0.473097 0.642069 0.474610 0.638120 0.474610 0.636147 0.473097 0.636147 0.470581 0.636147 0.466553
0 0.640588 0.510364 0.644044 0.511877 0.647500 0.512882 0.652433 0.511877 0.656877 0.509359 0.659345 0.508351 0.669710 0.507848 0.670202 0.509861 0.670202 0.512380 0.669710 0.517919 0.671683 0.522450 0.672670 0.523964 0.669215 0.530508 0.667734 0.535042 0.665759 0.540079 0.660330 0.545113 0.654901 0.547128 0.649473 0.548639 0.645032 0.544610 0.644537 0.539573 0.643056 0.533026 0.644537 0.524466 0.641576 0.527992 0.638616 0.532524 0.637628 0.536553 0.636147 0.528495 0.636147 0.526985 0.633187 0.523964 0.631704 0.522450 0.630719 0.521948 0.633679 0.518927 0.637135 0.518422 0.638616 0.513890
0 0.583339 0.572812 0.580871 0.571804 0.576427 0.569288 0.571491 0.567272 0.568038 0.566770 0.563102 0.567272 0.557178 0.571301 0.553725 0.576338 0.553229 0.584898 0.553725 0.590943 0.558166 0.596482 0.565077 0.599503 0.572974 0.599503 0.577415 0.597992 0.581856 0.600511 0.588272 0.606553 0.594196 0.607560 0.602093 0.606553 0.605546 0.606050 0.608014 0.605547 0.617394 0.610079 0.618874 0.613100 0.620847 0.615618 0.622822 0.618642 0.626275 0.621663 0.628743 0.624684 0.630719 0.627704 0.633679 0.629215 0.639108 0.628712 0.641576 0.627704 0.643552 0.624181 0.644044 0.620152 0.647500 0.614108 0.649965 0.613100 0.650461 0.613100 0.652433 0.608568 0.654409 0.605547 0.658357 0.603532 0.661318 0.600511 0.662798 0.596985 0.662798 0.594971 0.657370 0.594466 0.654409 0.592956 0.650953 0.588927 0.649965 0.585906 0.648980 0.582380 0.648485 0.579861 0.646017 0.578351 0.645032 0.577848 0.642069 0.574827 0.640588 0.573820 0.638616 0.572812 0.633679 0.572812 0.630224 0.572812 0.625783 0.571804 0.624302 0.571301 0.623315 0.570293 0.622327 0.569791 0.620354 0.567775 0.619859 0.564252 0.618379 0.561231 0.615911 0.558712 0.613442 0.558712 0.611962 0.557199 0.611470 0.554684 0.613442 0.550655 0.615911 0.547128 0.616898 0.544108 0.611470 0.539573 0.609989 0.539573 0.605546 0.542597 0.601597 0.546626 0.598144 0.548639 0.590248 0.550655 0.589752 0.552668 0.591235 0.558207 0.597157 0.561231 0.599625 0.563244 0.601597 0.566770 0.602093 0.570293 0.599625 0.572812 0.592220 0.574827 0.588767 0.575330
0 0.546321 0.593964 0.547308 0.589432 0.548296 0.583388 0.548789 0.578351 0.547308 0.574827 0.542867 0.573317 0.538919 0.573317 0.531020 0.577848 0.527567 0.583890 0.525099 0.590943 0.524606 0.597490 0.523618 0.602524 0.520658 0.607058 0.518682 0.613605 0.519670 0.618136 0.522630 0.620655 0.527071 0.622670 0.533488 0.623173 0.534968 0.618136 0.534968 0.613100 0.539412 0.609576 0.543853 0.605547 0.544840 0.600511 0.545333 0.600008 0.550269 0.603029
0 0.497953 0.583388 0.488083 0.581375 0.482159 0.581375 0.479199 0.584898 0.479691 0.591445 0.480679 0.600511 0.479199 0.606553 0.480679 0.613100 0.485615 0.617634 0.492031 0.619647 0.496965 0.619144 0.498448 0.617634 0.495485 0.613605 0.492031 0.611087 0.489068 0.605042 0.488576 0.600511 0.488576 0.596482 0.489563 0.591951 0.492031 0.588424
0 0.457977 0.574322 0.455509 0.572309 0.454028 0.571804 0.444156 0.571804 0.439715 0.568783 0.436259 0.568280 0.430335 0.569288 0.427375 0.571804 0.424414 0.575833 0.420466 0.578856 0.416025 0.575330 0.413557 0.575833 0.409609 0.577346 0.401217 0.580367 0.394800 0.582380 0.390852 0.584898 0.390852 0.587416 0.396281 0.592453 0.407633 0.594466 0.413557 0.594466 0.417505 0.594466 0.419973 0.595979 0.426387 0.601013 0.431818 0.602524 0.434286 0.602524 0.436752 0.604037 0.443663 0.605547 0.451065 0.606553 0.461430 0.607058 0.466858 0.608066 0.470314 0.609071 0.471794 0.606553 0.471794 0.604540 0.470807 0.600008 0.470807 0.594971 0.472290 0.592453 0.472290 0.588424 0.471302 0.584898 0.469326 0.579861 0.468834 0.575833 0.466366 0.575833 0.461925 0.578351 0.459949 0.579359
0 0.391347 0.492236 0.389867 0.490725 0.387891 0.489215 0.383943 0.489215 0.378514 0.490220 0.368642 0.495759 0.364694 0.499788 0.363214 0.506335 0.364694 0.510869 0.368150 0.512882 0.371605 0.513890 0.377527 0.509861 0.379502 0.508351 0.382955 0.506841 0.383450 0.506841 0.389867 0.508854 0.395296 0.507848 0.398256 0.504825 0.399736 0.502812 0.395788 0.498278
0 0.392827 0.436838 0.389867 0.433314 0.387891 0.432809 0.381475 0.433314 0.377034 0.437846 0.376539 0.441372 0.376539 0.443890 0.376539 0.445401 0.372098 0.445401 0.374071 0.447919 0.376046 0.449430 0.377034 0.449932 0.377034 0.450435 0.379007 0.451948 0.379995 0.452953 0.381475 0.454466 0.381970 0.457487 0.383943 0.460005 0.390359 0.461011 0.393320 0.461011 0.397764 0.459500 0.402697 0.456982 0.404673 0.455977 0.406153 0.453961 0.404673 0.450940 0.401217 0.450940 0.399244 0.450940 0.396776 0.449932 0.395296 0.446911 0.394308 0.444393 0.393320 0.441874
0 0.427870 0.454969 0.427375 0.452953 0.424907 0.452953 0.419478 0.453458 0.414050 0.455977 0.411581 0.457487 0.407141 0.459500 0.398749 0.461516 0.388879 0.464034 0.383943 0.466047 0.379007 0.469068 0.376539 0.474105 0.376046 0.478134 0.378019 0.481157 0.381970 0.483170 0.389867 0.483673 0.391840 0.483673 0.399244 0.483170 0.404673 0.481660 0.408128 0.479142 0.410594 0.475615 0.411089 0.471587 0.412077 0.468566 0.416025 0.465545 0.418986 0.464034 0.423427 0.463529 0.429350 0.461516
0 0.442183 0.418710 0.440700 0.418710 0.437247 0.419715 0.434779 0.419715 0.430335 0.419715 0.426882 0.417702 0.423922 0.415686 0.421946 0.413673 0.420958 0.412665 0.418986 0.413170 0.415530 0.416191 0.415037 0.420723 0.415037 0.424751 0.417505 0.428780 0.419478 0.431804 0.419973 0.434825 0.419478 0.439356 0.423427 0.446406 0.428855 0.450435 0.431323 0.452450 0.432804 0.458998 0.434286 0.460005 0.439220 0.460005 0.443663 0.457487 0.445144 0.456982 0.448104 0.454969 0.448104 0.449932 0.448104 0.447414 0.447612 0.442377 0.448597 0.438348 0.452053 0.435833 0.453040 0.430796 0.448104 0.427775 0.445636 0.421731
0 0.468341 0.403097 0.470807 0.400076 0.472782 0.398060 0.474755 0.396047 0.475250 0.394537 0.473275 0.390508 0.471794 0.388492 0.469326 0.385471 0.463898 0.380937 0.462910 0.380937 0.461430 0.380937 0.458469 0.381945 0.455013 0.386479 0.454521 0.387484 0.452545 0.389500 0.452053 0.394032 0.456001 0.399068 0.458962 0.401084 0.460445 0.404105 0.463405 0.405113
0 0.448597 0.390508 0.447117 0.385974 0.443168 0.381443 0.439715 0.379427 0.435767 0.377916 0.434286 0.376908 0.429843 0.376908 0.424907 0.378422 0.415530 0.382953 0.414542 0.385471 0.414050 0.390003 0.415037 0.393024 0.420958 0.393529 0.427375 0.392521 0.428855 0.393529 0.432311 0.395039 0.438727 0.394032 0.440208 0.393529
0 0.518190 0.389500 0.523123 0.387990 0.526579 0.383961 0.528554 0.381443 0.526086 0.376908 0.524606 0.371369 0.528554 0.366333 0.528059 0.362304 0.524111 0.359283 0.516709 0.359788 0.516709 0.362809 0.518682 0.367846 0.518682 0.370867 0.516709 0.370867 0.512761 0.367340 0.509798 0.362304 0.507825 0.359788 0.505357 0.356764 0.503381 0.356262 0.498448 0.356262 0.493512 0.355759 0.487588 0.355254 0.484627 0.352736 0.479691 0.351225 0.475250 0.351731 0.472782 0.355254 0.472782 0.360793 0.469822 0.365830 0.464393 0.368348 0.456001 0.373385 0.458962 0.377916 0.465378 0.381945 0.469326 0.384463 0.475250 0.388492 0.477718 0.390508 0.481171 0.395542 0.483640 0.400076 0.489068 0.410147 0.490551 0.414681 0.490551 0.420220 0.492524 0.422738 0.494004 0.423241 0.498940 0.421731 0.501901 0.420220 0.508317 0.418710 0.510293 0.417199 0.510293 0.415686 0.507330 0.411657 0.506345 0.406623 0.506345 0.403600 0.506837 0.399068 0.508317 0.395542 0.513253 0.391513
