0 0.471356 0.463021 0.468711 0.461321 0.466304 0.461564 0.463659 0.464234 0.459568 0.470064 0.458607 0.475648 0.457644 0.480748 0.456923 0.485122 0.458366 0.489492 0.461975 0.490706 0.464861 0.488522 0.465584 0.484149 0.470154 0.481965 0.472799 0.480992 0.474482 0.477348 0.473762 0.472248 0.472319 0.466421
0 0.459089 0.466664 0.458848 0.464964 0.456201 0.464964 0.453315 0.469821 0.452113 0.473708 0.448263 0.476864 0.447061 0.479048 0.447061 0.485849 0.448986 0.489979 0.449465 0.492406 0.448022 0.493136 0.444173 0.494836 0.440808 0.498236 0.438401 0.503336 0.438160 0.507706 0.439362 0.510136 0.443693 0.510136 0.447302 0.507223 0.450670 0.502606 0.453556 0.498722 0.455721 0.489249 0.455721 0.484392 0.456683 0.480748 0.457885 0.476621 0.459089 0.471764 0.460532 0.469091
0 0.480977 0.480505 0.480016 0.476378 0.478573 0.474435 0.474482 0.473221 0.471356 0.476135 0.470876 0.480265 0.471356 0.483905 0.473521 0.488035 0.475687 0.490949 0.477371 0.494592 0.476889 0.499206 0.479293 0.500666 0.482423 0.499936 0.484106 0.496536 0.484345 0.492406 0.482182 0.486335
0 0.485068 0.497749 0.483866 0.499449 0.480016 0.500666 0.476166 0.498722 0.475205 0.497993 0.471115 0.500422 0.468952 0.502850 0.467027 0.506006 0.468711 0.509650 0.471597 0.512563 0.471597 0.517907 0.471356 0.521550 0.475925 0.523250 0.477850 0.520580 0.479293 0.517423 0.481459 0.514750 0.485308 0.514993 0.487953 0.515723 0.489637 0.513536 0.489878 0.509407 0.488676 0.505279 0.487233 0.501149
0 0.470876 0.521307 0.470635 0.518393 0.469431 0.514750 0.467268 0.511107 0.464861 0.510863 0.460773 0.512323 0.457644 0.518393 0.457644 0.524951 0.458848 0.529324 0.462936 0.532237 0.465584 0.530294 0.465584 0.527624 0.468470 0.530294 0.468952 0.531024 0.471356 0.528351 0.472319 0.525924
0 0.525481 0.623069 0.524999 0.620155 0.521872 0.615782 0.517302 0.611655 0.511046 0.606554 0.506958 0.603638 0.500463 0.606068 0.500704 0.609955 0.502629 0.616268 0.504310 0.623798 0.506235 0.630839 0.510567 0.636913 0.515136 0.640313 0.521631 0.641526 0.526923 0.640556 0.527646 0.635456 0.524038 0.628655
0 0.496132 0.614812 0.494448 0.608254 0.491321 0.602668 0.489396 0.602911 0.485790 0.609711 0.485790 0.619182 0.486510 0.626469 0.494689 0.631083 0.499020 0.629139 0.499741 0.624039
0 0.660188 0.615539 0.665240 0.614082 0.672457 0.612625 0.676786 0.610438 0.681117 0.608498 0.688332 0.609955 0.692423 0.612868 0.694347 0.616512 0.694827 0.620882 0.693143 0.624526 0.690016 0.626469 0.688332 0.629626 0.684003 0.631326 0.677509 0.629383 0.674382 0.628169 0.669571 0.623069 0.663315 0.620155
0 0.600050 0.442376 0.596442 0.442620 0.592595 0.444076 0.588022 0.448447 0.584654 0.452334 0.580567 0.455977 0.577919 0.460107 0.574792 0.463021 0.573831 0.466177 0.580808 0.469334 0.586579 0.473221 0.591390 0.476621 0.596201 0.478321 0.597646 0.473464 0.600050 0.470307 0.607268 0.470307 0.615687 0.471521 0.619055 0.471521 0.620016 0.470064 0.618814 0.466421 0.614244 0.465691 0.607988 0.463748 0.602936 0.462291 0.599568 0.460591 0.599330 0.455491 0.598607 0.450390
0 0.658986 0.494836 0.655859 0.492165 0.651528 0.490706 0.649124 0.491192 0.645274 0.492892 0.641665 0.493136 0.639502 0.495565 0.638298 0.498966 0.634210 0.501879 0.631321 0.505766 0.632044 0.509650 0.633246 0.510863 0.637337 0.512080 0.639261 0.509650 0.640945 0.506493 0.643349 0.506006 0.645274 0.506250 0.645997 0.500422 0.647681 0.497993 0.652010 0.497265
0 0.647922 0.607038 0.646958 0.606554 0.642147 0.608498 0.637337 0.607768 0.633487 0.605581 0.629158 0.607525 0.626992 0.612625 0.628194 0.617725 0.639502 0.619669 0.644554 0.619669 0.650085 0.616755
0 0.652250 0.621125 0.648883 0.617239 0.646958 0.616268 0.644792 0.620639 0.647199 0.626955 0.648883 0.631326 0.650808 0.636183 0.653452 0.637396 0.657784 0.636669 0.664279 0.638613 0.666683 0.639583 0.665481 0.635940 0.660188 0.629869 0.656820 0.626469
0 0.578642 0.628412 0.576235 0.628412 0.571424 0.628169 0.566614 0.626955 0.560601 0.624039 0.556031 0.624282 0.553625 0.627439 0.554586 0.630596 0.556031 0.632296 0.558194 0.632783 0.560842 0.632783 0.564448 0.632296 0.570704 0.632056 0.575274 0.631569 0.580085 0.631326
0 0.562767 0.638856 0.560119 0.636183 0.556751 0.634969 0.553143 0.633756 0.550257 0.632296 0.548332 0.630839 0.547850 0.634483 0.544723 0.635213 0.539913 0.635213 0.536063 0.637156 0.536304 0.639340 0.540635 0.641283 0.544964 0.640070 0.547371 0.637883 0.553625 0.638613 0.556031 0.640556 0.558676 0.642497 0.564448 0.642256
0 0.488531 0.421831 0.487569 0.420615 0.487088 0.420374 0.484925 0.421101 0.484443 0.424501 0.484443 0.430331 0.484925 0.435916 0.485645 0.442716 0.485163 0.447816 0.482759 0.450973 0.479391 0.454133 0.480352 0.454860 0.487810 0.457289 0.492621 0.458503 0.496709 0.460930 0.499598 0.463603 0.502965 0.466030 0.505369 0.466517 0.509942 0.466517 0.513310 0.468947 0.521488 0.470890 0.525817 0.470404 0.527501 0.466274 0.524133 0.463117 0.516916 0.460690 0.514030 0.459473 0.515954 0.454616 0.516436 0.450489 0.514752 0.445632 0.507535 0.442959 0.501761 0.442473 0.498634 0.439802 0.494305 0.435432 0.491657 0.432515 0.489735 0.429845 0.488772 0.427175
0 0.478091 0.455491 0.476889 0.456464 0.476889 0.459134 0.480977 0.462777 0.486992 0.467634 0.487953 0.470307 0.490360 0.473708 0.493487 0.476621 0.497096 0.477108 0.502867 0.472735 0.504792 0.469091 0.505033 0.466664 0.503108 0.464964 0.500704 0.462291 0.498298 0.460348 0.495653 0.458407 0.492285 0.457434 0.488194 0.456707 0.483143 0.456464
