0 0.585996 0.568179 0.589135 0.566780 0.592621 0.567130 0.597854 0.566780 0.603433 0.562934 0.607268 0.560487 0.611803 0.557339 0.612501 0.556290 0.612501 0.553840 0.619126 0.549994 0.619825 0.548245 0.621916 0.545798 0.625055 0.541949 0.627496 0.539502 0.629240 0.539502 0.630984 0.543001 0.628544 0.546146 0.624359 0.552792 0.621567 0.555940 0.616686 0.560487 0.613197 0.564683 0.612501 0.569230 0.612501 0.572378 0.612848 0.578671 0.611453 0.582867 0.608317 0.585667 0.609712 0.588115 0.611453 0.589513 0.612848 0.592311 0.613896 0.595108 0.612501 0.596157 0.609712 0.595459 0.603783 0.589163 0.602038 0.588465 0.596459 0.588465 0.592621 0.587414 0.591925 0.583217 0.594016 0.578671 0.594714 0.573426 0.590876 0.571677 0.587041 0.571677
0 0.572393 0.596507 0.569254 0.595459 0.567859 0.594758 0.564024 0.597556 0.562280 0.600356 0.559140 0.603154 0.559490 0.603852 0.567163 0.603154 0.571348 0.602803 0.573788 0.605601 0.573788 0.608398 0.565768 0.613993 0.565419 0.617842 0.572044 0.619939 0.574487 0.617141 0.575532 0.614344 0.577626 0.612595 0.582507 0.612945 0.585297 0.611897 0.587740 0.606649 0.591226 0.604552 0.596459 0.601755 0.604828 0.598256 0.605177 0.595459 0.601339 0.594410 0.596805 0.593710 0.590530 0.591263 0.585996 0.592661 0.583902 0.596157 0.581461 0.597906 0.577277 0.597906
0 0.521958 0.615534 0.518727 0.612297 0.512066 0.610273 0.506617 0.610070 0.504800 0.611082 0.505205 0.614321 0.511059 0.616749 0.511059 0.620392 0.508433 0.622417 0.506417 0.624441 0.508233 0.628893 0.512876 0.630512 0.517316 0.630106 0.521958 0.627881 0.528414 0.627475 0.530230 0.627275 0.529423 0.624035 0.525186 0.623632 0.522965 0.623023 0.524176 0.619380 0.526195 0.617355
0 0.563674 0.431785 0.557745 0.427939 0.551816 0.426891 0.544143 0.426891 0.541703 0.426891 0.539262 0.428988 0.538913 0.433184 0.541353 0.435634 0.547632 0.436332 0.551467 0.435634 0.554606 0.437033 0.559490 0.436682 0.560885 0.435284
0 0.579021 0.430039 0.577626 0.428640 0.572393 0.424791 0.568905 0.421296 0.564373 0.418846 0.558095 0.417447 0.554260 0.417798 0.550771 0.421643 0.555654 0.426541 0.560186 0.426891 0.563325 0.429338 0.568558 0.432136 0.574138 0.433184 0.576578 0.433534
0 0.467418 0.462912 0.467418 0.456966 0.466023 0.455217 0.457304 0.459764 0.455560 0.461863 0.448935 0.465362 0.449981 0.460815 0.453816 0.456618 0.453816 0.452419 0.451725 0.448924 0.446841 0.446126 0.442307 0.445425 0.440563 0.445425 0.439168 0.449274 0.441611 0.453471 0.440214 0.458715 0.436378 0.462912 0.434983 0.470256 0.436029 0.477250 0.438123 0.481449 0.441958 0.480748 0.447191 0.475851 0.451375 0.472355 0.453120 0.472005 0.455211 0.473053 0.460790 0.472005 0.463930 0.468507
0 0.490086 0.447525 0.490086 0.445425 0.493225 0.442628 0.494620 0.440528 0.494620 0.437731 0.491830 0.433184 0.489390 0.430039 0.484157 0.424441 0.481367 0.424441 0.476486 0.426541 0.472302 0.430387 0.468464 0.439480 0.467418 0.447873 0.469509 0.453818 0.472302 0.454869 0.483810 0.455217 0.488691 0.452072
0 0.630984 0.437033 0.630984 0.436332 0.629240 0.434933 0.625405 0.434933 0.622965 0.435284 0.619825 0.437033 0.618777 0.439130 0.618430 0.441930 0.615641 0.444027 0.613547 0.446126 0.612848 0.448924 0.610757 0.452072 0.609362 0.455217 0.610757 0.455918 0.616337 0.454169 0.619126 0.453120 0.621916 0.452072 0.622615 0.448924 0.625055 0.446126 0.627496 0.442978
0 0.640618 0.526235 0.638525 0.524135 0.634340 0.523295 0.631409 0.522875 0.625971 0.522456 0.621367 0.523715 0.616345 0.526235 0.616345 0.531688 0.618855 0.535467 0.619692 0.535467 0.623877 0.530431 0.625552 0.527912 0.628062 0.527072 0.633921 0.527492 0.635596 0.527912
0 0.605874 0.454519 0.603783 0.453471 0.599945 0.451371 0.593319 0.451021 0.587390 0.449972 0.585297 0.447525 0.583902 0.444027 0.577973 0.436682 0.572743 0.436682 0.569254 0.439130 0.568905 0.444377 0.572044 0.449274 0.579368 0.451021 0.581461 0.450323 0.583552 0.450323 0.585646 0.454519 0.585297 0.456618 0.587740 0.458365 0.591925 0.459066 0.596459 0.459066 0.599248 0.459764 0.602388 0.461162 0.605524 0.461162 0.607967 0.460464 0.610408 0.458365
0 0.571348 0.605951 0.570649 0.603852 0.566814 0.603501 0.562978 0.604900 0.559140 0.606999 0.554260 0.608749 0.549725 0.609797 0.542052 0.610147 0.538913 0.609797 0.535424 0.613295 0.538913 0.618890 0.542402 0.625534 0.543098 0.626235 0.549376 0.623087 0.553910 0.618540 0.559140 0.615742 0.566115 0.613643 0.569254 0.611196
0 0.616337 0.483546 0.614942 0.481449 0.610408 0.480050 0.603433 0.480050 0.600643 0.482147 0.599945 0.487394 0.600993 0.493337 0.603433 0.498234 0.605524 0.503131 0.607618 0.505578 0.612501 0.505578 0.615291 0.506627 0.614942 0.511874 0.611453 0.513623 0.610757 0.514672 0.615291 0.515370 0.617035 0.513273 0.618430 0.509077 0.621220 0.507328 0.626800 0.508376 0.628195 0.510476 0.635868 0.509427 0.640402 0.508726 0.649121 0.508726 0.653306 0.506977 0.659931 0.502430 0.664814 0.499983 0.669698 0.496835 0.673533 0.493337 0.677718 0.489841 0.680857 0.489141 0.691669 0.489491 0.696201 0.489841 0.698993 0.489141 0.699689 0.485295 0.697945 0.481449 0.694110 0.477951 0.689226 0.476201 0.680857 0.474803 0.675627 0.475503 0.669698 0.480050 0.666559 0.476552 0.663419 0.471655 0.659931 0.466760 0.658186 0.463262 0.654700 0.461513 0.650166 0.461513 0.644936 0.463262 0.637959 0.467809 0.635169 0.473053 0.634124 0.476902 0.634124 0.487742 0.633774 0.491591 0.630288 0.493337 0.624359 0.493337 0.617732 0.488092
0 0.641037 0.511966 0.646057 0.510706 0.648988 0.510286 0.654847 0.509027 0.659032 0.507767 0.663636 0.506930 0.669495 0.507347 0.670330 0.511126 0.667402 0.512383 0.663636 0.513643 0.659032 0.514903 0.650663 0.516582 0.646475 0.516999 0.641872 0.515742
0 0.637687 0.516999 0.640618 0.514063 0.640618 0.512383 0.638106 0.510706 0.634340 0.510706 0.626805 0.510706 0.625133 0.509447 0.620948 0.509447 0.616761 0.513223 0.616761 0.516162 0.614670 0.518679 0.614251 0.520359 0.617598 0.520779 0.619692 0.520359 0.620948 0.522036 0.623877 0.522456 0.628899 0.520779 0.633084 0.519519
