0 0.337301 0.239765 0.338510 0.236745 0.337908 0.234327 0.334281 0.231908 0.330051 0.230097 0.326423 0.228281 0.323403 0.226469 0.322194 0.222842 0.322194 0.218010 0.324010 0.214383 0.322194 0.208944 0.316153 0.206526 0.311316 0.208342 0.303459 0.214990 0.299230 0.219821 0.295000 0.225867 0.292582 0.230699 0.290770 0.236745 0.290770 0.242184 0.293189 0.248224 0.295607 0.246413 0.299230 0.240367 0.301648 0.237347 0.306485 0.233719 0.311316 0.231306 0.314944 0.231306 0.321592 0.231908 0.327633 0.235536 0.333071 0.238556
0 0.332469 0.241577 0.331260 0.239158 0.327633 0.237347 0.322194 0.234929 0.317362 0.234327 0.311316 0.234929 0.306485 0.238556 0.303459 0.241577 0.303459 0.246413 0.305276 0.248224 0.310714 0.247015 0.314944 0.244597 0.317964 0.244597 0.322801 0.243995 0.323403 0.247622 0.324010 0.251852 0.324010 0.259102 0.327031 0.266357 0.330051 0.271796 0.334888 0.276628 0.340929 0.278444 0.345765 0.274816 0.345765 0.269980 0.342740 0.265750 0.337908 0.262730 0.333071 0.260918 0.328240 0.256684 0.328842 0.245204
0 0.340929 0.243995 0.337908 0.242184 0.333071 0.242786 0.330051 0.246413 0.329449 0.251245 0.333071 0.255480 0.336097 0.258500 0.341536 0.261520 0.351806 0.264541 0.355434 0.265750 0.363291 0.266357 0.370541 0.266959 0.374770 0.266959 0.378398 0.266357 0.383837 0.263939 0.385648 0.261520 0.388066 0.257291 0.388673 0.252454 0.388066 0.247622 0.386255 0.245204 0.382628 0.243995 0.374770 0.243995 0.369332 0.243995 0.359663 0.248224 0.356036 0.248832 0.348179 0.247622
0 0.323403 0.248832 0.323403 0.247015 0.320383 0.245204 0.317964 0.245204 0.309505 0.246413 0.306485 0.247015 0.303459 0.247015 0.299837 0.243995 0.296811 0.245204 0.293791 0.249434 0.291372 0.256684 0.290770 0.263939 0.290163 0.271796 0.289561 0.279046 0.293791 0.286903 0.299230 0.290531 0.304668 0.289923 0.306485 0.284485 0.305878 0.276628 0.308898 0.264541 0.311923 0.262730 0.320383 0.264541 0.322801 0.265750
0 0.313133 0.266357 0.317964 0.263939 0.323403 0.266357 0.327031 0.269980 0.329449 0.273607 0.335490 0.280255 0.339719 0.288112 0.340327 0.292342 0.338510 0.298990 0.334888 0.305638 0.330051 0.311679 0.327633 0.312286 0.325214 0.309260 0.324010 0.301408 0.320383 0.298990 0.317362 0.302010 0.314944 0.309260 0.318571 0.315306 0.318571 0.318327 0.316755 0.320745 0.314337 0.325582 0.314944 0.331020 0.315546 0.336459 0.312526 0.339480 0.308898 0.343709 0.302250 0.347939 0.295607 0.350357 0.288352 0.352168 0.281102 0.352776 0.278684 0.347337 0.276265 0.338270 0.274454 0.332224 0.272638 0.321347 0.271434 0.309260 0.271434 0.301408 0.272036 0.293551 0.273847 0.289321 0.278082 0.288714 0.281704 0.290531 0.293189 0.291133 0.295607 0.288112 0.299230 0.290531 0.301648 0.291735 0.306485 0.289923 0.308296 0.284485 0.308296 0.279046 0.308296 0.273005
0 0.242423 0.303219 0.247260 0.300199 0.256321 0.295969 0.256929 0.295362 0.249071 0.291735 0.245444 0.290531 0.243031 0.286296 0.240005 0.281464 0.235173 0.276628 0.224898 0.276628 0.223689 0.280857 0.224296 0.288112 0.223087 0.295969 0.221270 0.302010 0.221270 0.310469 0.225505 0.319536 0.229735 0.320138 0.236985 0.317724 0.239403 0.312888
0 0.265995 0.372112 0.269015 0.367883 0.269015 0.360633 0.269015 0.351566 0.267199 0.344918 0.261760 0.342500 0.258138 0.344311 0.253908 0.348546 0.250281 0.355189 0.247260 0.364255 0.246653 0.370903 0.246051 0.379362 0.247260 0.387827 0.249673 0.392658 0.253301 0.396888 0.258138 0.399306 0.260556 0.399306 0.260556 0.395077 0.257531 0.393265 0.253908 0.390240 0.250883 0.385408 0.249673 0.379969 0.254510 0.378760 0.257531 0.382388 0.259347 0.382990 0.262969 0.378760
0 0.280495 0.383597 0.283520 0.382990 0.288959 0.379969 0.291980 0.379362 0.299837 0.376342 0.302857 0.373321 0.304066 0.368485 0.303459 0.362444 0.295000 0.361235 0.289561 0.361235 0.282913 0.360026 0.277474 0.361235 0.273847 0.367883 0.271434 0.373321 0.270224 0.378760 0.271434 0.380571 0.276265 0.376342 0.276872 0.376342 0.277474 0.381179
0 0.311923 0.355796 0.311923 0.350959 0.310714 0.346730 0.310107 0.344918 0.301648 0.349148 0.295607 0.352776 0.289561 0.355796 0.288352 0.357607 0.291980 0.358214 0.298020 0.358214 0.301648 0.360633 0.304668 0.361837 0.306485 0.365464 0.307087 0.369092 0.304668 0.373321 0.298628 0.377551 0.296811 0.380571 0.299230 0.381781 0.302857 0.381179 0.307689 0.377551 0.307689 0.375740 0.311316 0.366071 0.311316 0.363653
0 0.421908 0.281464 0.421908 0.280255 0.418281 0.280255 0.409821 0.280857 0.404990 0.283276 0.391694 0.288714 0.389276 0.293551 0.388066 0.298990 0.389878 0.305638 0.398342 0.314097 0.400153 0.314699 0.410429 0.317117 0.415867 0.317117 0.418888 0.314699 0.423117 0.309260 0.426138 0.305031 0.436413 0.302617 0.438832 0.303219 0.444270 0.305638 0.446689 0.305638 0.449102 0.301408 0.448500 0.298990 0.435806 0.297781 0.430974 0.297173 0.423724 0.292944 0.421908 0.289321
0 0.394714 0.283883 0.392296 0.282673 0.389276 0.279046 0.386857 0.275418 0.384439 0.271796 0.381418 0.269378 0.372959 0.269378 0.366311 0.269980 0.358454 0.268770 0.354827 0.268770 0.350597 0.269378 0.349388 0.273607 0.354224 0.279046 0.359061 0.283276 0.362082 0.286903 0.366913 0.293551 0.373561 0.296571 0.381418 0.298383 0.387464 0.295362 0.391087 0.291133
0 0.231546 0.525005 0.233357 0.521985 0.240612 0.512316 0.245444 0.508087 0.255112 0.504459 0.260556 0.499628 0.260556 0.494189 0.256321 0.486934 0.249673 0.484515 0.243031 0.482704 0.233964 0.480893 0.227918 0.480286 0.220061 0.482704 0.216439 0.486332 0.217648 0.493582 0.220061 0.497209 0.220061 0.503250 0.220061 0.510505 0.220668 0.517153 0.225505 0.525612
0 0.276872 0.504459 0.274454 0.500230 0.268408 0.497209 0.260556 0.502041 0.260556 0.511714 0.257531 0.517755 0.250883 0.521383 0.249071 0.526214 0.251490 0.535281 0.254510 0.542531 0.256929 0.550995 0.256321 0.554617 0.252092 0.557036 0.244842 0.558245 0.237587 0.560056 0.232148 0.560056 0.231546 0.560056 0.232148 0.566704 0.233357 0.569730 0.232148 0.574561 0.232148 0.581816 0.235776 0.585439 0.238194 0.588459 0.240005 0.589066 0.248469 0.587255 0.253908 0.584837 0.264786 0.584837 0.269617 0.584837 0.279893 0.584837 0.286541 0.583020 0.293189 0.580000 0.294398 0.575770 0.290770 0.569122 0.287750 0.564291 0.288959 0.560663 0.296811 0.564291 0.301648 0.571541 0.303459 0.572750 0.308898 0.574561 0.314337 0.572750 0.313128 0.567311 0.310107 0.561872 0.307087 0.555224 0.304668 0.547969 0.302250 0.542531 0.299230 0.535883 0.297418 0.529842 0.295000 0.521985 0.288959 0.517755 0.285332 0.513526
0 0.315546 0.599944 0.313128 0.598133 0.304668 0.596316 0.296811 0.596316 0.290163 0.598133 0.284724 0.602362 0.279286 0.607801 0.272638 0.613240 0.266597 0.620490 0.261760 0.625929 0.256321 0.630765 0.253908 0.636806 0.256929 0.639832 0.263577 0.639832 0.275056 0.638622 0.280495 0.633786 0.284122 0.627138 0.290770 0.616260 0.296209 0.610821 0.301648 0.610219 0.307087 0.610219 0.311316 0.609010
0 0.318571 0.587255 0.319173 0.586648 0.319173 0.582418 0.319173 0.578791 0.316755 0.575168 0.311923 0.575168 0.305878 0.573352 0.301648 0.569730 0.296209 0.565495 0.294398 0.565495 0.292582 0.568520 0.296209 0.575168 0.296811 0.578189 0.295607 0.581209 0.289561 0.583628 0.282913 0.585439 0.278082 0.585439 0.265388 0.588459 0.259949 0.590878 0.255112 0.595714 0.254510 0.602964 0.258138 0.605985 0.263577 0.607194 0.272638 0.605383 0.284122 0.602362 0.290163 0.598133 0.293189 0.593898 0.293189 0.590276 0.297418 0.587857 0.310107 0.586648
0 0.383230 0.623510 0.378398 0.618071 0.366311 0.613842 0.352413 0.611423 0.345765 0.610821 0.334281 0.608403 0.325821 0.604781 0.319776 0.601153 0.313735 0.603571 0.311316 0.609612 0.301648 0.613842 0.295607 0.615658 0.291980 0.622306 0.301648 0.627138 0.312526 0.627745 0.321592 0.627138 0.333679 0.630765 0.337908 0.635597 0.334281 0.644663 0.330051 0.637413 0.330051 0.637413 0.325214 0.646474 0.322194 0.649500 0.317964 0.651918 0.308296 0.653122 0.297418 0.654939 0.291980 0.656750 0.284724 0.662796 0.279286 0.669444 0.274454 0.677903 0.271434 0.688781 0.270224 0.697847 0.269617 0.703888 0.273847 0.706908 0.278082 0.707515 0.288959 0.704495 0.294398 0.702679 0.300439 0.697240 0.305878 0.690592 0.310107 0.680321 0.308296 0.664607 0.310714 0.667026 0.317964 0.675485 0.319173 0.676694 0.321592 0.677296 0.324612 0.677296 0.331260 0.675485 0.334888 0.674276 0.339117 0.677296 0.341536 0.677296 0.346367 0.675485 0.351806 0.674883 0.354224 0.676694 0.356643 0.678505 0.354827 0.682735 0.349388 0.686969 0.345765 0.688173 0.338510 0.688781 0.327633 0.691801 0.324612 0.694219 0.319776 0.700867 0.317964 0.706908 0.316755 0.711745 0.316755 0.716577 0.316755 0.722015 0.317362 0.725643 0.321592 0.728663 0.331260 0.730480 0.338510 0.729270 0.346367 0.724434 0.352413 0.717786 0.357852 0.711745 0.364500 0.707515 0.369939 0.703888 0.372959 0.701469 0.374168 0.699658 0.374770 0.699051 0.378398 0.697847 0.386255 0.696031 0.391694 0.694821 0.395923 0.690592 0.401964 0.683342 0.405592 0.678505 0.409821 0.673066 0.415867 0.668235 0.418888 0.665816 0.423724 0.663398 0.432184 0.659770 0.438832 0.656148 0.446689 0.651311 0.447291 0.648291 0.444270 0.642852 0.437015 0.642852 0.431577 0.644061 0.420097 0.647082 0.412842 0.647684 0.401362 0.642852 0.389878 0.635597
0 0.466026 0.627138 0.465418 0.620490 0.464214 0.617469 0.463005 0.617469 0.457566 0.617469 0.450311 0.616260 0.443663 0.615658 0.436413 0.617469 0.427954 0.619888 0.422515 0.619888 0.421908 0.622908 0.425536 0.628949 0.428556 0.633786 0.433393 0.633184 0.440041 0.630765 0.445480 0.631974 0.457566 0.634393 0.464816 0.633786
0 0.470255 0.634393 0.463607 0.634393 0.450311 0.634393 0.442454 0.631974 0.437015 0.632577 0.435204 0.636806 0.445480 0.639224 0.452128 0.642245 0.447893 0.653730 0.440041 0.667026 0.440643 0.672464 0.443663 0.674276 0.456959 0.674883 0.459980 0.671857 0.459980 0.665816 0.461189 0.657357 0.463607 0.644663
0 0.458776 0.676087 0.455148 0.677296 0.445480 0.677296 0.439434 0.675485 0.438832 0.671857 0.440041 0.666418 0.439434 0.659168 0.435204 0.659770 0.430974 0.664000 0.425536 0.667628 0.423117 0.669444 0.420699 0.673066 0.417679 0.677903 0.411638 0.684551 0.406801 0.688173 0.402571 0.693612 0.400755 0.701469 0.404990 0.709327 0.408010 0.711745 0.415867 0.714163 0.427954 0.714163 0.437015 0.712347 0.442454 0.708117 0.445480 0.703286 0.449709 0.700867 0.458770 0.700260 0.465418 0.698449 0.467235 0.693010 0.466026 0.689383 0.460587 0.685760
0 0.399551 0.701469 0.397133 0.706306 0.394112 0.708117 0.382026 0.709327 0.372959 0.709327 0.366311 0.709327 0.364500 0.712347 0.369332 0.720204 0.369332 0.724434 0.366311 0.730480 0.366913 0.740148 0.374168 0.746796 0.385648 0.748607 0.388066 0.748607 0.395316 0.749816 0.400153 0.751026 0.406199 0.752235 0.412842 0.751628 0.418281 0.747398 0.423724 0.742566 0.430367 0.734709 0.433995 0.726852 0.435806 0.717184 0.435806 0.716577 0.427954 0.718393 0.421306 0.718995 0.411031 0.715974 0.404990 0.712954
0 0.497449 0.757066 0.495031 0.752837 0.494429 0.749816 0.485969 0.740750 0.482944 0.738337 0.478112 0.733500 0.474485 0.726250 0.475694 0.717184 0.479321 0.711745 0.485362 0.702077 0.489592 0.695429 0.493219 0.691199 0.498658 0.691199 0.501077 0.687571 0.498056 0.683342 0.492617 0.674276 0.491408 0.668235 0.494429 0.660980 0.496240 0.654939 0.495031 0.646474 0.497449 0.641643 0.502286 0.636806 0.508327 0.631367 0.511347 0.627745 0.516791 0.621699 0.520413 0.614449 0.521622 0.607194 0.520413 0.599944 0.513163 0.601755 0.505306 0.601153 0.499265 0.602964 0.500469 0.608403 0.505908 0.611423 0.507117 0.617469 0.502286 0.622908 0.494429 0.629556 0.490199 0.635597 0.488383 0.641036 0.488383 0.649500 0.485362 0.657357 0.479923 0.662189 0.473276 0.662796 0.465418 0.666418 0.463005 0.670648 0.462398 0.675485 0.465418 0.683342 0.467837 0.687571 0.468444 0.691801 0.467235 0.696031 0.463005 0.699051 0.455148 0.703888 0.449709 0.708117 0.447291 0.712954 0.446082 0.718393 0.445480 0.725041 0.449709 0.732898 0.450918 0.734709 0.454541 0.737730 0.461796 0.741357 0.465418 0.746189 0.467837 0.751026 0.467837 0.756464 0.469046 0.760694 0.475092 0.763714 0.477505 0.763714 0.480531 0.757066 0.482342 0.754653 0.492010 0.757673
0 0.552444 0.596923 0.556673 0.591485 0.562719 0.584837 0.567551 0.581816 0.575408 0.577582 0.576010 0.576378 0.563923 0.571541 0.555464 0.572143 0.553046 0.571541 0.553653 0.583020 0.550026 0.582418 0.548816 0.581209 0.545194 0.583020 0.545796 0.593898
0 0.543985 0.583628 0.543985 0.576980 0.540357 0.572750 0.533709 0.576980 0.534316 0.587857 0.537939 0.594505 0.540959 0.602964 0.543985 0.605985 0.548214 0.602362 0.547607 0.599342 0.543985 0.593898
0 0.579036 0.526821 0.579036 0.523801 0.580245 0.519566 0.586888 0.515944 0.589306 0.515944 0.591122 0.510505 0.587495 0.505668 0.582056 0.499020 0.580245 0.493582 0.580847 0.487541 0.581449 0.480286 0.580847 0.473638 0.576010 0.468199 0.569969 0.467597 0.565133 0.473036 0.565133 0.481495 0.564531 0.489954 0.561510 0.494189 0.559694 0.497811 0.562112 0.505668 0.563321 0.510505 0.559694 0.517755 0.559092 0.522592 0.562719 0.526821 0.568760 0.523194 0.573597 0.519566
0 0.577219 0.538908 0.580245 0.534071 0.579638 0.526821 0.569969 0.523801 0.566949 0.525612 0.565133 0.528031 0.564531 0.534679 0.563321 0.539510 0.560301 0.544347 0.555464 0.548577 0.550026 0.554617 0.547607 0.560663 0.547005 0.564893 0.550633 0.564291 0.554255 0.559454 0.560301 0.554015 0.566949 0.549786 0.573597 0.546158
0 0.559694 0.536490 0.560903 0.534679 0.562719 0.530444 0.562112 0.528633 0.559092 0.528633 0.553653 0.530444 0.550026 0.534071 0.546398 0.538301 0.543985 0.542531 0.541566 0.546765 0.539755 0.549179 0.536128 0.555224 0.534316 0.560663 0.529480 0.567311 0.527061 0.573959 0.526459 0.578791 0.530082 0.580607 0.531898 0.578189 0.534316 0.572143 0.539148 0.564893 0.542776 0.564893 0.547005 0.558852 0.551235 0.552806 0.556673 0.546158
0 0.592934 0.497209 0.592934 0.491163 0.594143 0.485724 0.602000 0.480893 0.612878 0.477867 0.615296 0.472429 0.617709 0.462760 0.618918 0.453699 0.622546 0.445842 0.620735 0.437985 0.612270 0.431939 0.608041 0.433148 0.603209 0.441612 0.590515 0.441005 0.583265 0.433755 0.580245 0.430128 0.577219 0.422878 0.572388 0.419852 0.566342 0.418648 0.560903 0.418041 0.556071 0.415622 0.551842 0.412602 0.553653 0.420459 0.556071 0.421061 0.559694 0.426500 0.562112 0.432546 0.561510 0.436173 0.560301 0.438587 0.562112 0.441612 0.563923 0.444026 0.563923 0.450071 0.564531 0.457929 0.568760 0.463969 0.572388 0.465781 0.581449 0.466388 0.582658 0.468199 0.584474 0.474245 0.585077 0.480286 0.585684 0.485724 0.585684 0.491770 0.586286 0.495393
0 0.559092 0.391449 0.570571 0.393867 0.575408 0.396286 0.579638 0.398704 0.588704 0.401724 0.600791 0.404745 0.605020 0.404745 0.610459 0.403536 0.613480 0.401122 0.613480 0.396286 0.610459 0.390240 0.607439 0.387827 0.603209 0.384199 0.591724 0.378760 0.585077 0.376342 0.579036 0.373923 0.570571 0.375133 0.565133 0.378158
0 0.563321 0.373321 0.559092 0.370301 0.551235 0.366673 0.542776 0.361235 0.533709 0.355796 0.524041 0.352168 0.520413 0.352168 0.519811 0.356398 0.525852 0.358816 0.533107 0.361235 0.541566 0.366071 0.542168 0.367883 0.541566 0.371510 0.541566 0.376949 0.548214 0.383597 0.550633 0.387827 0.556071 0.386010 0.560903 0.382388
0 0.469046 0.297173 0.467837 0.295969 0.463607 0.290531 0.458168 0.282673 0.455750 0.278444 0.452128 0.272398 0.446082 0.270587 0.441250 0.271796 0.436413 0.275418 0.430367 0.280255 0.429765 0.288112 0.437015 0.291735 0.452128 0.294153 0.458168 0.298990 0.461796 0.301408
0 0.438224 0.268770 0.438224 0.265750 0.435806 0.262730 0.432786 0.258500 0.428556 0.264541 0.426138 0.266959 0.415260 0.267566 0.406801 0.268770 0.406199 0.273005 0.409821 0.276026 0.419490 0.277235 0.428556 0.276628 0.437622 0.274209
