0 0.685400 0.439205 0.685400 0.438505 0.684686 0.435707 0.682546 0.433958 0.678265 0.433958 0.675411 0.432909 0.673272 0.431160 0.671132 0.431509 0.668634 0.433609 0.666495 0.436756 0.665070 0.440603 0.665070 0.444801 0.667209 0.446898 0.673986 0.447247 0.677553 0.447598 0.680762 0.447598 0.683260 0.446198 0.685044 0.443400
0 0.630853 0.388430 0.630853 0.387172 0.629570 0.383813 0.628714 0.382976 0.627431 0.380876 0.625718 0.380036 0.624006 0.380036 0.621866 0.380457 0.620154 0.381715 0.618871 0.385492 0.618871 0.386753 0.618871 0.389690 0.619297 0.393046 0.619297 0.395986 0.617585 0.398923 0.614589 0.399763 0.611166 0.399763 0.608597 0.399763 0.604745 0.398923 0.600893 0.397662 0.597041 0.396823 0.593616 0.396823 0.592760 0.396823 0.591477 0.398923 0.591477 0.400181 0.591477 0.401861 0.588051 0.404798 0.585912 0.406477 0.585055 0.408996 0.584629 0.411512 0.585482 0.412351 0.587624 0.413191 0.589337 0.413191 0.592333 0.414870 0.595755 0.417389 0.599181 0.419905 0.602176 0.421166 0.605602 0.423264 0.607314 0.423682 0.610737 0.423682 0.615445 0.422006 0.618441 0.420326 0.620583 0.419487 0.621437 0.417808 0.621437 0.415289 0.621010 0.411933 0.625718 0.409833 0.627001 0.409833 0.628287 0.407317 0.626145 0.404798 0.625718 0.401021 0.626575 0.397244 0.628714 0.394307 0.630427 0.392209
0 0.595755 0.418647 0.594472 0.416128 0.592760 0.415710 0.591047 0.414870 0.589337 0.414449 0.585055 0.414449 0.582916 0.414449 0.579491 0.415710 0.579491 0.415710 0.579064 0.416128 0.579064 0.417389 0.581203 0.419487 0.581630 0.421584 0.582060 0.424103 0.582060 0.426201 0.581630 0.427459 0.579491 0.429559 0.577778 0.432075 0.576922 0.435015 0.579064 0.437531 0.579920 0.437531 0.580347 0.434594 0.582486 0.431657 0.584629 0.431657 0.586768 0.430817 0.590620 0.427459 0.591903 0.426201 0.595329 0.422006
0 0.576068 0.414449 0.575212 0.412773 0.573499 0.410254 0.571787 0.408575 0.570504 0.408575 0.569647 0.408996 0.569218 0.411512 0.570074 0.414031 0.570930 0.416128 0.570930 0.419066 0.569647 0.421584 0.567078 0.422845 0.566651 0.424943 0.569647 0.426622 0.572643 0.427459 0.577351 0.428298 0.579064 0.428298 0.581203 0.427040 0.582486 0.424103 0.580347 0.422424 0.578634 0.420745 0.577778 0.419487
0 0.599181 0.418229 0.601320 0.418229 0.603459 0.419066 0.605172 0.421166 0.606458 0.422006 0.608168 0.424103 0.609454 0.427040 0.610310 0.429559 0.610737 0.431657 0.610737 0.433336 0.609024 0.434176 0.605602 0.434176 0.602176 0.432075 0.599607 0.432075 0.596185 0.433755 0.594472 0.435434 0.591477 0.439211 0.591047 0.440471 0.588051 0.441729 0.583772 0.440890 0.582486 0.439632 0.580347 0.437953 0.580347 0.435434 0.582060 0.433755 0.584199 0.431657 0.586768 0.430399 0.590191 0.428720 0.592333 0.426622 0.594472 0.424943 0.595755 0.423264 0.596185 0.422006
0 0.632967 0.407729 0.635107 0.407029 0.637246 0.407029 0.638316 0.408427 0.640458 0.411225 0.641528 0.413325 0.642953 0.416820 0.643667 0.419969 0.643667 0.423116 0.641528 0.426614 0.638674 0.429760 0.635462 0.431861 0.630469 0.433609 0.624762 0.434658 0.619411 0.434658 0.614418 0.433958 0.612279 0.433609 0.610137 0.431861 0.609781 0.429411 0.611565 0.425216 0.613704 0.422767 0.621195 0.421018 0.623693 0.420318 0.626902 0.418921 0.629400 0.416123 0.631539 0.413325 0.631539 0.410876
0 0.629755 0.401782 0.629755 0.401085 0.630469 0.398285 0.632253 0.396887 0.634037 0.396187 0.638316 0.396538 0.641528 0.400734 0.643312 0.404232 0.644737 0.407378 0.647235 0.411225 0.648660 0.414374 0.650799 0.417872 0.653297 0.421367 0.653297 0.423467 0.652583 0.424865 0.649730 0.426265 0.647590 0.425216 0.646165 0.422416 0.645092 0.418921 0.643667 0.416123 0.642239 0.411925 0.640814 0.408778 0.638674 0.405980 0.636176 0.405280 0.635462 0.405280 0.634037 0.404932 0.632967 0.404232
0 0.627260 0.436056 0.620125 0.434307 0.618700 0.434307 0.615844 0.434658 0.612634 0.435007 0.609067 0.435007 0.604430 0.434307 0.600865 0.432909 0.598011 0.432909 0.595158 0.434658 0.594088 0.437105 0.593374 0.439205 0.591946 0.441651 0.591590 0.442700 0.591946 0.444801 0.594799 0.446898 0.598011 0.447598 0.600506 0.448996 0.603360 0.450745 0.608711 0.454243 0.611565 0.454243 0.614418 0.454243 0.617986 0.452145 0.621553 0.450745 0.626188 0.448647 0.627616 0.447947 0.629400 0.445849 0.630469 0.442351 0.630469 0.440254
0 0.664356 0.431509 0.661144 0.432209 0.658290 0.433609 0.655081 0.435356 0.649018 0.435007 0.645451 0.435007 0.641883 0.435707 0.639385 0.436756 0.637602 0.439205 0.636176 0.442003 0.634748 0.442351 0.631183 0.443400 0.629400 0.444449 0.627972 0.446550 0.625832 0.448296 0.622623 0.450396 0.620481 0.451794 0.620125 0.452494 0.621195 0.452494 0.625477 0.452494 0.628330 0.452494 0.630469 0.452145 0.632609 0.451093 0.634748 0.449696 0.637960 0.446898 0.638674 0.446898 0.641528 0.446898 0.644381 0.446898 0.645807 0.446550 0.647590 0.443052 0.647946 0.443052 0.649018 0.443052 0.654011 0.445149 0.656865 0.445498 0.658649 0.444801 0.661502 0.442700 0.663642 0.441303 0.665425 0.438854 0.666139 0.436756
0 0.644737 0.457389 0.644023 0.457389 0.639030 0.455291 0.632609 0.453194 0.627616 0.453194 0.622979 0.453194 0.617986 0.453543 0.613704 0.455640 0.609781 0.458438 0.607997 0.460887 0.608356 0.464385 0.612279 0.469629 0.614063 0.470329 0.619770 0.471029 0.621195 0.469629 0.622265 0.465782 0.624048 0.464033 0.626902 0.465782 0.627616 0.466483 0.629755 0.465782 0.632253 0.463685 0.633679 0.464385 0.634393 0.465082 0.637960 0.462285 0.640100 0.460887
0 0.666139 0.448296 0.665781 0.446898 0.664356 0.445498 0.663286 0.445498 0.658649 0.446550 0.655795 0.446898 0.652942 0.445498 0.651158 0.444449 0.648660 0.444801 0.647946 0.446550 0.646165 0.448296 0.642239 0.448647 0.636532 0.448647 0.635821 0.449347 0.636176 0.452494 0.640458 0.454943 0.642239 0.454943 0.645807 0.455291 0.655081 0.455291 0.656506 0.455291 0.659718 0.454243 0.663286 0.452145
0 0.687183 0.459487 0.687183 0.457389 0.685044 0.452842 0.682902 0.451445 0.679337 0.451445 0.674700 0.452842 0.668993 0.454243 0.666851 0.455291 0.662572 0.456689 0.655437 0.459138 0.653653 0.459838 0.649018 0.461936 0.644023 0.463336 0.640458 0.464734 0.636176 0.467183 0.633323 0.470329 0.631895 0.472078 0.630114 0.474176 0.625477 0.476276 0.621553 0.477674 0.619770 0.478374 0.618700 0.479423 0.620125 0.481172 0.627972 0.481872 0.631895 0.481872 0.635821 0.481872 0.637960 0.482921 0.641169 0.486416 0.642597 0.487467 0.644381 0.488865 0.648660 0.490962 0.651514 0.489565 0.652942 0.485367 0.653653 0.479423 0.655437 0.476625 0.660074 0.476276 0.661858 0.477325 0.664356 0.479074 0.670063 0.481520 0.676484 0.482220 0.680762 0.482921 0.683972 0.482569 0.686114 0.477325 0.686114 0.474876 0.683260 0.465434
0 0.653653 0.500056 0.652942 0.498658 0.650088 0.495509 0.647590 0.493760 0.641169 0.489213 0.639030 0.487816 0.636890 0.487467 0.635462 0.488516 0.635107 0.490962 0.636890 0.495861 0.637960 0.499707 0.639744 0.505651 0.642953 0.511598 0.645092 0.513344 0.649374 0.513344 0.651158 0.510898 0.649018 0.506351 0.647590 0.503554 0.649018 0.501105
0 0.678979 0.497258 0.678979 0.497258 0.669704 0.496909 0.665425 0.496558 0.659004 0.496209 0.655081 0.497958 0.654367 0.501456 0.657220 0.505303 0.659718 0.508801 0.661858 0.510898 0.666851 0.510898 0.671132 0.508100 0.674700 0.505651 0.679337 0.502505
0 0.635821 0.484669 0.634748 0.484318 0.629400 0.483618 0.624407 0.483618 0.620481 0.482921 0.616916 0.481172 0.615132 0.481520 0.615844 0.487116 0.621909 0.490614 0.626902 0.491314 0.629041 0.492011 0.631183 0.497258 0.634037 0.503205 0.635107 0.503554 0.635821 0.499356 0.634748 0.495861 0.632609 0.492363 0.631895 0.489213
0 0.604074 0.571400 0.603004 0.567205 0.600865 0.565456 0.597653 0.564407 0.593730 0.563007 0.588378 0.560209 0.583385 0.559861 0.577679 0.559861 0.574111 0.563356 0.572686 0.566505 0.571257 0.568951 0.568762 0.571052 0.568048 0.574198 0.567693 0.576996 0.564125 0.578396 0.559488 0.578396 0.554495 0.578396 0.550213 0.578396 0.546646 0.578045 0.544151 0.580142 0.544862 0.583992 0.550213 0.585389 0.555206 0.585040 0.559844 0.583992 0.565195 0.581891 0.570902 0.580494 0.578037 0.581891 0.581602 0.583640 0.585883 0.585741 0.593016 0.587138 0.598011 0.587138 0.600865 0.585389 0.604430 0.579093
0 0.615846 0.583992 0.614063 0.583291 0.612279 0.584340 0.608711 0.579794 0.606213 0.576647 0.605144 0.582243 0.604074 0.585040 0.599437 0.587838 0.587667 0.588887 0.583385 0.586789 0.579818 0.588538 0.578393 0.589587 0.578748 0.591685 0.582671 0.595183 0.584455 0.599378 0.585883 0.604273 0.589807 0.612318 0.590162 0.612669 0.594799 0.611269 0.599795 0.607071 0.603360 0.604974 0.608356 0.602527 0.611209 0.602527 0.612990 0.606722 0.613704 0.608820 0.615132 0.608820 0.617986 0.604273 0.618341 0.601476 0.618341 0.598678 0.615844 0.594483 0.612634 0.591685 0.613349 0.588538
0 0.578748 0.592385 0.568762 0.591336 0.568404 0.590985 0.565909 0.589236 0.561272 0.588887 0.558060 0.589936 0.555565 0.592734 0.553781 0.594831 0.553781 0.598678 0.555920 0.601476 0.558060 0.603576 0.563055 0.604974 0.566979 0.604625 0.571616 0.604625 0.576964 0.604625 0.578748 0.605325 0.580532 0.607423 0.576253 0.608820 0.575895 0.608471 0.575539 0.610921 0.576609 0.614067 0.580176 0.617914 0.581960 0.620011 0.585525 0.620363 0.588378 0.618962 0.589807 0.617213 0.590162 0.613018 0.588737 0.609872 0.586597 0.606374 0.585525 0.604273 0.584814 0.600427 0.584100 0.597629 0.582316 0.595531
0 0.595514 0.614767 0.594799 0.614067 0.593016 0.614767 0.589451 0.620011 0.585525 0.620011 0.580890 0.617914 0.578748 0.619314 0.577323 0.622809 0.575539 0.626307 0.573041 0.630505 0.570546 0.632603 0.569474 0.634700 0.571972 0.638898 0.575183 0.640647 0.579107 0.642745 0.581960 0.643093 0.586239 0.641344 0.588737 0.638547 0.590162 0.639947 0.593016 0.640996 0.597653 0.641344 0.599081 0.640647 0.599081 0.636100 0.599795 0.632254 0.601576 0.628404 0.600506 0.626658 0.596942 0.623509 0.595869 0.621063
0 0.569832 0.626307 0.565909 0.624909 0.561986 0.622112 0.560202 0.619662 0.558774 0.614767 0.558060 0.609872 0.554137 0.608123 0.551283 0.606374 0.548430 0.602527 0.545935 0.598329 0.542367 0.597629 0.541297 0.597629 0.539869 0.597980 0.536660 0.599029 0.534876 0.601476 0.533092 0.602176 0.532023 0.599029 0.532378 0.596932 0.531667 0.594831 0.528455 0.592385 0.525960 0.589587 0.523462 0.586789 0.518825 0.583640 0.515972 0.583640 0.512762 0.582591 0.509195 0.580494 0.499206 0.579794 0.499206 0.580494 0.504913 0.587138 0.511690 0.589936 0.513118 0.591336 0.514543 0.594134 0.517397 0.599729 0.520250 0.604273 0.522748 0.608471 0.527030 0.613018 0.532023 0.617565 0.535590 0.621063 0.538799 0.624558 0.539514 0.627356 0.538085 0.631205 0.535590 0.634351 0.533092 0.638547 0.532023 0.643093 0.532023 0.647291 0.533448 0.652887 0.535232 0.654636 0.538085 0.655336 0.543792 0.654985 0.547004 0.653236 0.551997 0.649738 0.554851 0.648340 0.558418 0.646243 0.561627 0.645194 0.566265 0.643445 0.568762 0.642045 0.570546 0.640996 0.569474 0.639247 0.566265 0.636801 0.565909 0.635400 0.566979 0.632951 0.568404 0.631554
0 0.506341 0.610569 0.505272 0.608820 0.503488 0.606022 0.500990 0.603225 0.499206 0.600078 0.497067 0.597280 0.492785 0.594134 0.486367 0.593082 0.484225 0.593082 0.483869 0.596932 0.484939 0.600778 0.483155 0.601476 0.478518 0.600078 0.478162 0.597980 0.476023 0.594134 0.473525 0.591685 0.470316 0.593434 0.468174 0.596580 0.467104 0.601476 0.466034 0.605325 0.465679 0.606374 0.461397 0.606722 0.459257 0.607771 0.458902 0.610220 0.461041 0.614416 0.465320 0.616865 0.466748 0.617565 0.467818 0.621760 0.464609 0.622809 0.459613 0.623861 0.457118 0.624558 0.456048 0.628056 0.460686 0.634003 0.463539 0.635400 0.468532 0.636801 0.471027 0.637149 0.474953 0.637149 0.478162 0.638198 0.482085 0.639247 0.484939 0.640296 0.487078 0.639598 0.490646 0.637149 0.493144 0.637149 0.495639 0.638198 0.499565 0.639947 0.500276 0.639947 0.501349 0.638898 0.500990 0.635052 0.499206 0.630505 0.498137 0.626658 0.497422 0.623509 0.498137 0.620363 0.499206 0.617213 0.501349 0.615816 0.502418 0.615116
0 0.513474 0.601127 0.512762 0.597980 0.511334 0.594134 0.508836 0.592734 0.501349 0.594134 0.500990 0.595183 0.500634 0.599729 0.501704 0.602876 0.505272 0.606374 0.508481 0.608471 0.513474 0.610220 0.516327 0.610921 0.517755 0.610569 0.516686 0.607771 0.513832 0.605674
0 0.524532 0.645891 0.523818 0.645194 0.522748 0.643445 0.519539 0.642745 0.514188 0.643794 0.510265 0.646940 0.508125 0.650089 0.506697 0.654285 0.505627 0.657082 0.503129 0.660580 0.499565 0.663378 0.496711 0.666527 0.494927 0.670022 0.497067 0.671423 0.503129 0.671423 0.508836 0.670374 0.513832 0.667576 0.517397 0.664427 0.522393 0.662678 0.525602 0.661280 0.525246 0.656734 0.525246 0.652887
0 0.475664 0.587138 0.472811 0.585741 0.470316 0.585741 0.464609 0.587138 0.458543 0.585741 0.457118 0.585040 0.454265 0.584340 0.452122 0.586438 0.451053 0.587838 0.447844 0.589936 0.447844 0.592033 0.449983 0.593434 0.450697 0.595531 0.448913 0.596580 0.446774 0.598678 0.448558 0.604625 0.451767 0.604273 0.454620 0.602176 0.459257 0.602176 0.460686 0.601127 0.462111 0.598678 0.463895 0.598678 0.467104 0.595880 0.469602 0.591336 0.470671 0.590985
0 0.427514 0.483618 0.427155 0.481872 0.422518 0.474527 0.421092 0.471378 0.419309 0.466134 0.421448 0.463336 0.423587 0.461236 0.427511 0.458789 0.427511 0.458089 0.420378 0.455291 0.418950 0.453543 0.418950 0.451093 0.417525 0.447947 0.412888 0.447947 0.410748 0.450745 0.408609 0.454943 0.409320 0.457040 0.416455 0.458089 0.418595 0.458089 0.420734 0.458438 0.418239 0.460538 0.414316 0.462285 0.411462 0.464033 0.410748 0.467531 0.411818 0.470681 0.415741 0.473478 0.418595 0.475925 0.421448 0.479074 0.422876 0.481172
0 0.387562 0.482921 0.387920 0.478374 0.387920 0.474876 0.386137 0.471729 0.380430 0.474876 0.378646 0.479771 0.377576 0.486767 0.377576 0.492363 0.379360 0.497258 0.383283 0.502505 0.387562 0.503205 0.392199 0.501105 0.392558 0.498658 0.389346 0.492363 0.387562 0.489914
0 0.387206 0.470329 0.389346 0.467531 0.389346 0.465082 0.387206 0.460187 0.382925 0.457389 0.379360 0.457741 0.377932 0.461236 0.377576 0.467531 0.375434 0.473478 0.369371 0.480123 0.367587 0.483969 0.370799 0.486416 0.374723 0.485718 0.376862 0.482220 0.378287 0.476974 0.381499 0.473127
0 0.438927 0.439902 0.442137 0.442003 0.445704 0.443052 0.448913 0.443052 0.450341 0.443052 0.451411 0.440603 0.449983 0.436056 0.444990 0.432909 0.441781 0.431160 0.441422 0.428711 0.444276 0.426265 0.447488 0.424516 0.449627 0.422067 0.449269 0.417872 0.446060 0.416123 0.442851 0.416471 0.439283 0.421018 0.436785 0.423116 0.432862 0.423816 0.435001 0.427314 0.436785 0.429760 0.435716 0.431160 0.432506 0.431509 0.428583 0.431861 0.423587 0.432909 0.420378 0.435007 0.419664 0.436756 0.419664 0.438854 0.417881 0.442003 0.421092 0.445849 0.424657 0.446898 0.427869 0.448647 0.429653 0.448996 0.432148 0.447247 0.435360 0.448647 0.435360 0.448647 0.435360 0.444449 0.435360 0.442351
0 0.512762 0.412276 0.514902 0.411576 0.517041 0.409478 0.517755 0.406681 0.522748 0.404580 0.527030 0.404580 0.530953 0.404580 0.534876 0.402831 0.536660 0.401434 0.540583 0.398636 0.544506 0.394789 0.545576 0.393040 0.548074 0.391291 0.552353 0.390243 0.552711 0.388145 0.551283 0.384647 0.548788 0.381498 0.545576 0.380100 0.541297 0.381149 0.538799 0.381849 0.536660 0.381149 0.534521 0.379052 0.529169 0.379400 0.526316 0.381849 0.525960 0.385347 0.525602 0.387794 0.523104 0.390243 0.515616 0.392689 0.509909 0.394438 0.508836 0.396187 0.511334 0.399685 0.515616 0.400385 0.516327 0.403531 0.514543 0.406329 0.512404 0.407729 0.509909 0.409827
0 0.574111 0.389891 0.571616 0.388842 0.567693 0.388494 0.565195 0.391640 0.564839 0.394438 0.561986 0.398985 0.559488 0.402483 0.556634 0.405629 0.552353 0.406681 0.548430 0.406681 0.543792 0.408427 0.540583 0.412276 0.541297 0.415423 0.543437 0.417520 0.548074 0.415423 0.551997 0.412276 0.554495 0.410876 0.554495 0.410876 0.553425 0.415771 0.553425 0.416123 0.556279 0.415074 0.558418 0.411925 0.559844 0.410876 0.559844 0.410876 0.561272 0.412625 0.563411 0.413325 0.565550 0.410527 0.565909 0.407378 0.566979 0.403883 0.568762 0.398985 0.570188 0.396187
0 0.614774 0.513344 0.614774 0.510898 0.613704 0.506700 0.613704 0.503902 0.609425 0.500407 0.608711 0.500407 0.604074 0.504254 0.599437 0.506700 0.594088 0.507400 0.592304 0.511247 0.595514 0.516145 0.600151 0.521389 0.601220 0.524538 0.602290 0.531183 0.598723 0.534329 0.595514 0.536078 0.594444 0.540625 0.595158 0.546220 0.596942 0.547969 0.601220 0.547618 0.604074 0.547618 0.608711 0.547269 0.613704 0.545872 0.616202 0.544471 0.615488 0.543423 0.611565 0.539925 0.608711 0.537127 0.609067 0.534329 0.612990 0.531531 0.617627 0.528734 0.617986 0.524187 0.615488 0.518591
0 0.488151 0.390943 0.489576 0.390243 0.490646 0.388145 0.490290 0.386045 0.487792 0.383598 0.484939 0.384296 0.482444 0.385347 0.477807 0.385347 0.471385 0.386045 0.466034 0.389891 0.463539 0.394089 0.464964 0.396887 0.470671 0.397587 0.476023 0.397587 0.479590 0.397236 0.483155 0.395838 0.487437 0.393741
0 0.552353 0.378351 0.552353 0.375554 0.552353 0.368209 0.552353 0.364014 0.552711 0.358067 0.553425 0.356669 0.550213 0.357367 0.547360 0.360865 0.546646 0.362962 0.543437 0.366460 0.539869 0.369609 0.536302 0.374505 0.536302 0.377651 0.538085 0.379400 0.543792 0.378700 0.545935 0.378003 0.547360 0.378003 0.550572 0.381149 0.552711 0.383598 0.554495 0.384296
