0 0.4766343758649322 0.6225693688792165 0.06063105452532522 0.07764145810663765
0 0.5178383614724605 0.638516050054407 0.037149183504013285 0.042385745375408054
0 0.5310752836977581 0.6288656147986943 0.045687794076944364 0.024760609357997822
0 0.39977580957652925 0.5978073993471165 0.04355383337946305 0.05245919477693145
0 0.517199003598118 0.6110282916213275 0.03501245502352616 0.026860718171926007
0 0.44012593412676443 0.6332712187159956 0.04227234984777193 0.03273394994559303
0 0.4394865762524218 0.5600394450489663 0.07429559922502076 0.06337051142546246
0 0.4243274287295876 0.5321300326441785 0.061060060891226134 0.036093579978237214
0 0.42838361472460557 0.5503849292709466 0.022203155272626625 0.01720620239390642
0 0.4005923055632438 0.512629216539717 0.025740381954054804 0.019023394994559305
0 0.4083753113755882 0.4805508705114254 0.12182120121782451 0.0774727965179543
0 0.4016551342374758 0.4787295973884657 0.031630224190423474 0.01529923830250272
0 0.4072142264046499 0.45675054406964094 0.025947965679490727 0.013114798694232863
0 0.43241904234707995 0.4316145266594124 0.028912261278715747 0.02598748639825898
0 0.47417935233877667 0.4291852557127312 0.06498754497647385 0.065329162132753
0 0.48727373373927485 0.4138846572361262 0.015073346249654028 0.02161588683351469
0 0.5093910877387213 0.4147347660500544 0.03360642125657348 0.016999455930359085
0 0.5298989759202879 0.3972483677910773 0.02026293938555217 0.03594396082698585
0 0.5324951563797399 0.37016866158868333 0.02841682812067534 0.018215451577801956
0 0.5585635206199835 0.39761153427638735 0.04299474121228896 0.039586507072905334
0 0.5811735399944645 0.4030780739934711 0.025452532521450317 0.018457562568008703
0 0.5889565458068088 0.3876550598476605 0.019767506227511764 0.02550054406964091
0 0.5924162745640742 0.4171640369967356 0.02075837254359258 0.01457290533188248
0 0.5962468862441184 0.4078128400435255 0.013097149183504013 0.01869967355821545
0 0.6296055909216717 0.4149768770402612 0.016061444782729035 0.01797334058759521
0 0.6162607251591475 0.42942872687704026 0.0239690008303349 0.01675734494015234
0 0.645665651812898 0.41643498367791076 0.029897592028784944 0.025258433079434164
0 0.6410946581787988 0.4568715995647443 0.03805424854691392 0.059015233949945595
0 0.6533268751729865 0.4483718715995647 0.03335732078605037 0.02307127312295974
0 0.6848311652366454 0.44970620239390646 0.03162745640741766 0.01942872687704026
0 0.687301411569333 0.467800598476605 0.03212288956545807 0.026955930359085965
0 0.6624688624411846 0.47435799782372146 0.04076944367561584 0.03278563656147987
0 0.6927387212842513 0.4827366702937976 0.055352892333241074 0.04274211099020675
0 0.7062053694990312 0.5203808487486399 0.028912261278715747 0.03303046789989118
0 0.6828549681704954 0.5234167573449401 0.0242153335178522 0.02550054406964091
0 0.6672875726543038 0.5298531011969532 0.03113202324937725 0.021371055495103375
0 0.698422363686687 0.5591186071817194 0.031630224190423474 0.06193144722524483
0 0.6755646277331856 0.5919056039173015 0.04670080265707168 0.08087323177366704
0 0.6919983393301965 0.6024700761697497 0.023227234984777193 0.02671381936887922
0 0.6456670357044008 0.5956692056583243 0.05164406310545253 0.07771490750816104
0 0.6174965402712427 0.5826768226332971 0.06894270689177968 0.04832970620239391
0 0.5895737614171049 0.6159480413492927 0.0719070024910047 0.051243199129488576
0 0.5573277055078881 0.6148558215451578 0.07561306393578743 0.0471164309031556
0 0.5520149460282314 0.6010133297062024 0.05114862994741213 0.02720076169749728
0 0.5150733462496541 0.5959126768226334 0.02817049543315804 0.011656692056583243
0 0.5294049266537504 0.603926822633297 0.015815112095211737 0.012140914036996736
0 0.49135206199833936 0.5728400435255712 0.0469499031275948 0.02671381936887922
0 0.47257265430390255 0.5831610446137105 0.01383614724605591 0.016273122959738845
0 0.43377802380293384 0.6067192600652884 0.02125103791862718 0.018215451577801956
0 0.4536700802657072 0.5954257344940151 0.02792139496263493 0.025742655059847658
