0 0.3019158163265306 0.32004336734693883 0.08913775510204082 0.08208673469387755
0 0.3314770408163265 0.25366836734693876 0.14554591836734693 0.0669795918367347
0 0.35027040816326527 0.2175 0.09125510204081633 0.044724489795918365
0 0.48201530612244897 0.1921198979591837 0.14806122448979592 0.19821938775510203
0 0.5058852040816327 0.15102551020408161 0.04955612244897959 0.0725204081632653
0 0.5321734693877551 0.19121173469387753 0.07191836734693878 0.08520918367346939
0 0.6188954081632654 0.26463775510204085 0.11361734693877551 0.15470408163265306
0 0.7439923469387755 0.37371683673469386 0.1039438775510204 0.07675
0 0.6636147959183674 0.3592142857142857 0.043515306122448985 0.06828571428571428
0 0.6838596938775511 0.3293010204081633 0.05137244897959183 0.07856122448979591
0 0.6714693877551021 0.46376275510204085 0.06164285714285714 0.0525765306122449
0 0.6611964285714287 0.41874234693877554 0.10032142857142858 0.04713775510204082
0 0.778436224489796 0.4749438775510204 0.06285204081632653 0.06406122448979593
0 0.7406683673469387 0.45258418367346936 0.06224489795918367 0.06889285714285714
0 0.6593852040816326 0.5208724489795918 0.15712755102040818 0.06889795918367346
0 0.6551530612244899 0.5619668367346938 0.10757142857142857 0.06285204081632653
0 0.5391224489795918 0.6311632653061224 0.1800918367346939 0.14564285714285713
0 0.523109693877551 0.592484693877551 0.04773979591836734 0.042908163265306117
0 0.5001454081632652 0.7206020408163266 0.08279081632653061 0.08279591836734694
0 0.5971377551020408 0.6598673469387755 0.04230612244897959 0.06768367346938775
0 0.5850510204081631 0.7251352040816327 0.05318367346938775 0.05801530612244898
0 0.46539285714285716 0.6882704081632653 0.07010204081632654 0.04230612244897959
0 0.4270204081632653 0.6710484693877551 0.10938775510204082 0.09125
0 0.4430357142857143 0.6205867346938775 0.0386734693877551 0.04592857142857143
0 0.24451530612244898 0.3697882653061224 0.14322448979591837 0.26832142857142854
0 0.1852908163265306 0.4970025510204082 0.13718367346938776 0.046535714285714284
0 0.16867091836734696 0.5305408163265307 0.07735204081632653 0.05076530612244898
0 0.22184948979591837 0.5535076530612245 0.09064795918367347 0.06043367346938776
0 0.2952780612244898 0.5828163265306122 0.11421938775510204 0.13476530612244897
0 0.2529719387755102 0.6387142857142858 0.06345408163265306 0.048346938775510204
0 0.20530612244897958 0.6037857142857143 0.10491836734693877 0.04910204081632653
0 0.3664183673469387 0.6413443877551019 0.08729591836734693 0.11037244897959184
