0 0.6842461622807018 0.6285643431635388 0.06865679824561403 0.06330026809651475
0 0.7163020833333333 0.4645040214477212 0.12160635964912281 0.16171581769437
0 0.7208977521929825 0.5628163538873994 0.07759594298245615 0.05071045576407507
0 0.6999780701754386 0.5273190348525469 0.020740131578947368 0.0160857908847185
0 0.7044490131578948 0.5986635388739946 0.08045504385964912 0.058753351206434316
0 0.6438377192982457 0.680848525469169 0.06579495614035089 0.06644772117962466
0 0.6062911184210527 0.7063793565683646 0.05506578947368421 0.05665683646112601
0 0.5814391447368421 0.6539195710455764 0.06114583333333334 0.03847184986595174
0 0.41605400219298244 0.6303123324396783 0.14804002192982454 0.19269973190348524
0 0.39388432017543856 0.48028016085790887 0.10584429824561403 0.05700536193029491
0 0.3624163925438596 0.5152533512064343 0.0457702850877193 0.03322520107238606
0 0.3967447916666666 0.5294168900804289 0.03933388157894737 0.03147721179624665
0 0.3937047697368421 0.4309691689008043 0.09547423245614035 0.058404825737265416
0 0.40943941885964913 0.3951219839142091 0.04970668859649123 0.03217426273458445
0 0.45717653508771927 0.36679356568364613 0.08009868421052631 0.09512600536193029
0 0.539780701754386 0.3795603217158177 0.03218201754385965 0.029726541554959785
0 0.5508648574561403 0.35717694369973196 0.01859375 0.029029490616621984
0 0.6159457236842105 0.3771112600536193 0.03790570175438596 0.0549088471849866
0 0.5984237938596492 0.3744879356568364 0.018596491228070177 0.016788203753351206
0 0.5860882675438596 0.3839316353887399 0.023958333333333335 0.02867828418230563
0 0.5249396929824561 0.7000831099195711 0.04183662280701755 0.03567292225201073
0 0.33559621710526316 0.48744906166219837 0.03432839912280702 0.03497319034852547
0 0.38029605263157895 0.3856796246648794 0.033612938596491226 0.0237828418230563
0 0.48721491228070174 0.31591018766756035 0.023601973684210523 0.017836461126005364
0 0.5465734649122806 0.30506836461126013 0.030038377192982454 0.017836461126005364
0 0.5261910635964913 0.35297989276139413 0.04076480263157895 0.02902680965147453
0 0.6079002192982456 0.32605093833780163 0.05685855263157894 0.056305630026809654
0 0.7158881578947368 0.3647935656836461 0.022763157894736843 0.01703485254691689
0 0.7070929276315789 0.3811528150134048 0.0248327850877193 0.018048257372654152
0 0.6775178179824561 0.40543833780160854 0.04190515350877193 0.04435656836461126
0 0.6368201754385966 0.40299329758713137 0.03742324561403509 0.031032171581769435
0 0.6804509320175438 0.676739946380697 0.024487390350877193 0.019056300268096515
0 0.6273396381578948 0.6336447721179624 0.04262883771929824 0.026715817694369974
0 0.5303166118421053 0.6440053619302949 0.043506030701754385 0.029726541554959785
0 0.5068928179824562 0.6492171581769438 0.03426809210526316 0.03327077747989276
