0 0.4359336734693878 0.615158163265306 0.034663265306122445 0.043989795918367346
0 0.8516224489795918 0.5389107142857144 0.0696530612244898 0.0655765306122449
0 0.2954107142857143 0.6245994897959184 0.04658673469387755 0.06840306122448979
0 0.5433826530612245 0.16712755102040816 0.0511734693877551 0.1357551020408163
0 0.6173239795918367 0.16214285714285714 0.10152551020408164 0.23991836734693878
0 0.7684056122448979 0.24886479591836733 0.1945969387755102 0.2876581632653061
0 0.39402551020408166 0.29509693877551024 0.05620408163265306 0.05862244897959184
0 0.31606632653061223 0.31594387755102044 0.07070408163265307 0.06164285714285714
0 0.3650357142857143 0.3507576530612245 0.10025510204081632 0.07752551020408163
0 0.254875 0.37984438775510204 0.15416836734693878 0.08801530612244897
0 0.40087244897959184 0.5562346938775511 0.20546938775510207 0.20798979591836736
0 0.5541224489795918 0.6685892857142858 0.2125204081632653 0.17172959183673467
0 0.46649234693877556 0.7164336734693878 0.09165816326530613 0.07302040816326531
0 0.41436989795918366 0.6884821428571428 0.035760204081632656 0.04734183673469388
0 0.7240867346938775 0.6695969387755103 0.06294897959183673 0.1425204081632653
0 0.663405612244898 0.6829438775510204 0.053382653061224486 0.05942857142857143
0 0.7570739795918368 0.5676173469387755 0.11784183673469388 0.07755102040816327
0 0.7492704081632653 0.4890561224489796 0.039785714285714285 0.08863265306122449
0 0.8011377551020408 0.49938010204081634 0.0669795918367347 0.07100510204081632
0 0.7485127551020408 0.4203112244897959 0.06446428571428571 0.035755102040816326
0 0.8333724489795917 0.34880102040816324 0.05287755102040816 0.08611224489795918
0 0.7847678571428571 0.14676275510204081 0.06085204081632653 0.07729081632653062
0 0.7571403061224489 0.21146173469387755 0.0580561224489796 0.06889285714285714
0 0.40112499999999995 0.21731122448979592 0.044066326530612245 0.059173469387755105
0 0.4198010204081633 0.19926530612244897 0.06211224489795918 0.04910204081632653
0 0.41224744897959187 0.13673214285714286 0.0570765306122449 0.07847448979591837
0 0.36839030612244894 0.24878571428571428 0.044903061224489796 0.052459183673469384
0 0.3501352040816327 0.27983928571428573 0.058750000000000004 0.053301020408163265
0 0.49169132653061226 0.1822704081632653 0.10651530612244899 0.21616326530612245
0 0.39701530612244895 0.5713316326530612 0.039265306122448974 0.02893877551020408
0 0.8672117346938776 0.4732908163265306 0.05086224489795918 0.0453265306122449
0 0.8662040816326531 0.4110969387755102 0.05992857142857143 0.07705102040816326
0 0.8787959183673469 0.30307397959183674 0.06294897959183673 0.07453571428571429
0 0.22864030612244898 0.5453061224489796 0.09366836734693877 0.09266326530612246
0 0.19137244897959185 0.4423214285714286 0.0453265306122449 0.04985714285714286
0 0.2885688775510204 0.43602551020408165 0.04734183673469388 0.048346938775510204
0 0.35454336734693875 0.41638520408163265 0.04633163265306123 0.049352040816326534
0 0.3882831632653061 0.39548469387755103 0.039280612244897956 0.05086734693877551
0 0.7996301020408163 0.4346301020408163 0.07906632653061224 0.0935969387755102
0 0.39764285714285713 0.7306938775510204 0.04658163265306122 0.06966326530612245
0 0.424344387755102 0.6497729591836735 0.03817857142857143 0.026811224489795917
