0 0.48430418892324995 0.32373787752840116 0.07067191453472027 0.10812413410917153
0 0.45328085465279727 0.3380188417844278 0.07860556648861401 0.0973898586866168
0 0.39468793927466966 0.3315627597672486 0.030185549620466687 0.02631199778331948
0 0.38583637897104295 0.3850568024383486 0.08929997188642114 0.09588251593239125
0 0.3468034860837784 0.48822527015793854 0.12064661231374754 0.1361014131338321
0 0.30012510542592075 0.4933305624826822 0.04702558335676132 0.04088113050706567
0 0.32281557492268764 0.4700568024383486 0.03244588136069722 0.02105015239678581
0 0.3797160528535283 0.642763923524522 0.029451785212257522 0.035320033250207813
0 0.43631149845375317 0.6529052369077307 0.06599943772842283 0.0667968966472707
0 0.4833286477368569 0.6861305070656691 0.03583919032892888 0.03811859240786922
0 0.4989415237559741 0.6583264062067055 0.048611189204385716 0.08812967581047382
0 0.5452473994939555 0.6610501523967858 0.052361540624121454 0.0888500969797728
0 0.5899915659263424 0.6484413965087281 0.059550182738262576 0.09411194236630645
0 0.6352698903570424 0.6419645331116652 0.04907787461343829 0.08479911332779164
0 0.6640652235029519 0.6224147963424772 0.06505482147877426 0.07990302022720976
0 0.6968386280573516 0.5921778886118039 0.10743604160809671 0.08160155167636464
0 0.7164576890638177 0.5586907730673317 0.11709867866179365 0.05700471044610695
0 0.7216024739949395 0.5107772236076475 0.11886983412988474 0.07519257412025492
0 0.6909685127916784 0.4385937932945414 0.07451504076468934 0.08306178996952064
0 0.5960303626651673 0.31382931559988914 0.09708743323025021 0.06703241895261845
0 0.5247652516165309 0.2713757273482959 0.03622153500140568 0.031086173455250762
0 0.5319117233623841 0.3002770850651149 0.02340736575766095 0.03205874203380438
0 0.5524866460500422 0.3014921030756442 0.026120326117514758 0.031086173455250762
0 0.5511315715490582 0.2785411471321696 0.027846499859432106 0.01967026877251316
0 0.6680025302220973 0.32743419229703513 0.031006466123137476 0.026106954835134387
0 0.7127579420860275 0.3597949570518149 0.03319651391622153 0.02631199778331948
0 0.6883455158841719 0.3814366860626212 0.041639021647455726 0.034854530340814635
0 0.7147258926061288 0.4551537822111388 0.03781838628057352 0.02259905791077861
0 0.7604526286196233 0.4364256026600167 0.02400337362946303 0.01464117484067609
0 0.7549058195108238 0.46007896924355773 0.04579139724486927 0.03744250484898864
0 0.6154933933089682 0.346792740371294 0.03747540061849874 0.028503740648379055
