0 0.3978476914414415 0.4687825484764543 0.024929617117117116 0.038373961218836565
0 0.5294073761261261 0.38523684210526316 0.048133445945945944 0.05926038781163435
0 0.488803490990991 0.379286703601108 0.05775900900900901 0.061443213296398895
0 0.4396846846846847 0.4137728531855956 0.06713963963963963 0.07310249307479223
0 0.47473536036036035 0.4021163434903047 0.03208896396396396 0.027445983379501385
0 0.4137668918918919 0.4287105263157895 0.050354729729729736 0.05245706371191136
0 0.3988330518018018 0.4448601108033241 0.05059966216216216 0.02890027700831025
0 0.4222832207207207 0.47121191135734075 0.03381756756756757 0.029144044321329637
0 0.4096945382882883 0.5112839335180055 0.022463400900900904 0.03400277008310249
0 0.4024127252252252 0.4978047091412742 0.04295045045045045 0.041044321329639886
0 0.42808417792792797 0.5848739612188366 0.029619932432432432 0.03351523545706371
0 0.4615301238738739 0.6132880886426593 0.05849943693693693 0.10977285318559556
0 0.49769003378378374 0.6279819944598337 0.02616272522522523 0.06921606648199446
0 0.5185472972972973 0.6340526315789473 0.030855855855855853 0.061445983379501384
0 0.539280686936937 0.6307742382271468 0.04369087837837838 0.03691689750692521
0 0.5550774211711712 0.6113462603878116 0.029372184684684683 0.04031578947368421
0 0.5887697072072072 0.6175373961218836 0.06960585585585585 0.053673130193905814
0 0.5874127252252251 0.6550609418282548 0.025422297297297298 0.03011634349030471
0 0.5723564189189189 0.645224376731302 0.029375000000000002 0.026470914127423823
0 0.6436908783783784 0.6046662049861496 0.05158783783783784 0.05998614958448754
0 0.6011120495495496 0.5848725761772853 0.03801238738738739 0.02817174515235457
0 0.6287570382882882 0.5649584487534626 0.029124436936936938 0.02525761772853186
0 0.6518355855855856 0.5876648199445984 0.029864864864864865 0.031329639889196674
0 0.6534403153153153 0.5586440443213296 0.028136261261261262 0.045659279778393354
0 0.672322635135135 0.5880304709141274 0.022460585585585585 0.03545706371191136
0 0.6824436936936937 0.5587645429362881 0.03677927927927928 0.036670360110803324
0 0.6622029842342342 0.508371191135734 0.06047578828828829 0.056831024930747924
0 0.6552913851351352 0.46781163434903045 0.02986768018018018 0.04322991689750692
0 0.6272775900900901 0.4743684210526316 0.04245495495495496 0.042260387811634346
0 0.6308544481981982 0.43150277008310245 0.04319538288288288 0.07795844875346261
0 0.5861782094594594 0.40041689750692516 0.0629420045045045 0.048329639889196675
0 0.5545833333333333 0.3687216066481995 0.037764639639639636 0.03983102493074792
0 0.6042877252252252 0.4238074792243767 0.02559121621621622 0.038468144044321334
0 0.6929687499999999 0.44968698060941825 0.02452421171171171 0.04406648199445984
