0 0.399334683251374 0.43624406590337894 0.04564651431877351 0.03777157218654007
0 0.5784408446630026 0.6441915666015081 0.023910905409314433 0.0214018430605976
0 0.5993072027769742 0.5717997765987154 0.05955741972808793 0.04868193242111143
0 0.6356074631183107 0.5459885506841664 0.04434191495516344 0.02728008936051382
0 0.615393404686144 0.5239555989946942 0.029126410182238934 0.036931024853392905
0 0.6058287532542667 0.5038131806757888 0.03695111368238357 0.036931024853392905
0 0.6293043100954585 0.492479754258587 0.06216661845530807 0.06798659592292657
0 0.6377798669366503 0.46415247137671045 0.041732716227943306 0.0415470538955599
0 0.578657795776685 0.38987154426137954 0.09216083309227655 0.10869589500139626
0 0.5682238935493202 0.34916224518290984 0.06433902227364767 0.061692264730522195
0 0.531489730980619 0.3896621055571069 0.036083309227654035 0.03273387321977101
0 0.5321391379809083 0.3617564925998324 0.032163725773792305 0.03230941077911198
0 0.45780445472953424 0.3588159731918459 0.027821810818628872 0.03902820441217537
0 0.46280445472953424 0.3896607092990785 0.043908012727798665 0.036931024853392905
0 0.49345241538906565 0.39071069533649816 0.038255713045993636 0.04658196034627199
0 0.5012771188892103 0.4127422507679419 0.032169511136823835 0.04700363027087406
0 0.4225918426381255 0.4452666852834404 0.03129881400057854 0.049941357162803686
0 0.4269395429563205 0.39952387601228706 0.025212612091408734 0.036512147444847806
0 0.4375903962973677 0.3869324211114214 0.017824703500144635 0.030636693660988548
0 0.405419438819786 0.4771628036861212 0.0386896152733584 0.024758447361072324
0 0.5158403239803298 0.6439821278972355 0.027387908591264103 0.0201452108349623
0 0.5971333526178768 0.6080996928232337 0.03086491177321377 0.01301033230941078
0 0.6312597628001156 0.5908936051382295 0.0678189181371131 0.0407092990784697
0 0.6214796065953139 0.43141859815693934 0.029126410182238934 0.03567160011170064
0 0.47649696268440844 0.3506325048869031 0.030431009545849003 0.03944987433677744
0 0.5004078680937228 0.36217257749232057 0.025212612091408734 0.016369729125942475
0 0.630173560890946 0.3592348506003909 0.020433902227364766 0.028958391510751188
0 0.6373459647092855 0.3842055291817928 0.02695111368238357 0.027696174253001957
0 0.6101750072317038 0.3993144373080145 0.026517211455018803 0.027698966769058923
0 0.6375643621637258 0.41106394861770457 0.0517327162279433 0.0201452108349623
0 0.38107607752386463 0.5002457414130131 0.037818918137113106 0.047422507679419156
0 0.4523705525021695 0.6223694498743367 0.05433902227364767 0.08015917341524714
0 0.4219395429563205 0.6030633901144932 0.0221724038183396 0.04490365819603463
0 0.4102024877061035 0.6114576933817369 0.014347700318194967 0.031477240994135715
0 0.39194388197859414 0.5908936051382296 0.05086491177321377 0.03315275062831611
0 0.41759184263812554 0.5652932141859816 0.0221724038183396 0.030636693660988548
0 0.4978001157072606 0.6292934934375872 0.0599913219554527 0.07973750349064508
0 0.5251865779577668 0.6099888299357721 0.026954006363899337 0.04532253560457973
0 0.5425759328897888 0.619012845573862 0.033910905409314435 0.03399329796146328
0 0.5790931443448076 0.6114576933817369 0.041732716227943306 0.03231499581122591
0 0.561920740526468 0.6355878246299916 0.027387908591264103 0.03273387321977101
