0 0.5455076530612246 0.23059438775510205 0.04135204081632653 0.04761734693877551
0 0.5404923469387756 0.192375 0.04135204081632653 0.06140306122448979
0 0.6288392857142857 0.27006887755102044 0.1077704081632653 0.14410714285714285
0 0.5837270408163265 0.21994387755102043 0.08019897959183674 0.14411224489795918
0 0.7034005102040816 0.26693622448979587 0.10651530612244899 0.0827091836734694
0 0.7453826530612245 0.3013954081632653 0.0776938775510204 0.08897448979591836
0 0.6864821428571429 0.5814719387755102 0.34085204081632653 0.4761887755102041
0 0.555530612244898 0.748140306122449 0.1090204081632653 0.1077704081632653
0 0.4283392857142857 0.7769591836734695 0.05012755102040816 0.09022448979591836
0 0.4684387755102041 0.7230765306122449 0.09273469387755101 0.1929795918367347
0 0.2767091836734694 0.6917474489795918 0.08521428571428571 0.08019897959183674
0 0.2886147959183673 0.6134260204081632 0.0789438775510204 0.10150510204081632
0 0.3738265306122449 0.6735765306122449 0.13158163265306122 0.2543877551020408
0 0.28109693877551023 0.37595663265306123 0.07142857142857142 0.03508673469387755
0 0.2529005102040816 0.5175612244897959 0.18045408163265306 0.2155408163265306
0 0.3061607142857143 0.24688520408163264 0.08145408163265307 0.04260714285714286
0 0.23410204081632652 0.28886479591836733 0.13533673469387755 0.11152551020408163
0 0.4960076530612245 0.2318469387755102 0.1453622448979592 0.19548979591836735
0 0.380719387755102 0.2807193877551021 0.2330816326530612 0.25062244897959185
