0 0.550786197564276 0.6526505859907332 0.06360757780784844 0.11663396020714091
0 0.515381596752368 0.6166925592804579 0.030005412719891746 0.03867811392750068
0 0.495277401894452 0.41333605887162717 0.1014127198917456 0.053785772690106294
0 0.5408836265223275 0.3758680839465795 0.05460622462787551 0.08158626328699918
0 0.4358700947225981 0.45110656854728814 0.08341001353179972 0.049555737258108475
0 0.4826779431664412 0.4444589806486781 0.02820297699594046 0.025380212591986917
0 0.40406765899864683 0.5239288634505315 0.04980784844384303 0.024777868629054237
0 0.43347090663058185 0.5592804578904333 0.08460893098782138 0.06164077405287544
0 0.4649742895805142 0.6172962660125375 0.07080920162381596 0.08944126464976834
0 0.494978349120433 0.6547656037067321 0.05160757780784844 0.06889343145271191
0 0.592489851150203 0.6339165985282093 0.03900405953991881 0.035655491959662035
0 0.7023044654939107 0.6330103570455164 0.03660351826792963 0.024172799127827747
0 0.6897023004059539 0.646909239574816 0.03900405953991881 0.031425456527664215
0 0.6548985115020297 0.6408653584082856 0.041407307171853855 0.05438811665303898
0 0.6834018944519621 0.5719719269555738 0.03960487144790257 0.025382938130280728
0 0.6906021650879567 0.597958571817934 0.0780108254397835 0.056805669119651125
0 0.7332083897158321 0.5474965930771327 0.037204330175913396 0.04653311529026983
0 0.6798024357239514 0.5529367675115835 0.07920974289580514 0.04169801035704552
0 0.701404600811908 0.49643090760425185 0.062408660351826795 0.03263286999182339
0 0.6960027063599459 0.47165440174434453 0.0840108254397835 0.05197056418642682
0 0.6717009472259812 0.43932270373398746 0.06300676589986469 0.07674843281548105
0 0.6753004059539918 0.4048759880076315 0.029404600811907985 0.039280457890433364
0 0.6455967523680649 0.4124298173889343 0.03960487144790257 0.04955301171981467
0 0.6431975642760487 0.37828563641319163 0.055207036535859275 0.053785772690106294
0 0.6272949932341001 0.4190774052875442 0.03060622462787551 0.027797765058599072
0 0.6068917456021651 0.40155219405832654 0.05100676589986468 0.055598255655491965
0 0.583489851150203 0.404270918506405 0.02340189445196211 0.039280457890433364
0 0.5759891745602165 0.39399836467702376 0.04920703653585927 0.05257563368765331
0 0.453872801082544 0.5042886345053148 0.025802435723951286 0.0374679749250477
