0 0.45106515274398484 0.458494008714597 0.023330629899972966 0.023082788671023965
0 0.4010719113273858 0.44086873638344226 0.03165990808326575 0.02559912854030501
0 0.3823249526899162 0.44149782135076254 0.030829954041632874 0.03525054466230937
0 0.3464963503649635 0.42219362745098044 0.026661259799945932 0.03776960784313725
0 0.34149635036496356 0.44947031590413944 0.03582860232495269 0.05287854030501089
0 0.37065963773992977 0.455556917211329 0.01916193565828602 0.01720860566448802
0 0.31525006758583407 0.4112813180827887 0.0333279264666126 0.036930827886710246
0 0.32337388483373886 0.40393654684095864 0.022914301162476346 0.027279411764705882
0 0.49314274128142743 0.585025871459695 0.03832657474993242 0.020983115468409586
0 0.4833509056501757 0.6162908496732026 0.028745606920789403 0.03650871459694989
0 0.2640078399567451 0.5873325163398693 0.021662611516626115 0.028956971677559912
0 0.24338605028386048 0.6274128540305012 0.028745606920789403 0.04112745098039216
0 0.2737969721546364 0.6129330065359477 0.02791294944579616 0.03315359477124183
0 0.2552595296025953 0.6660212418300653 0.058326574749932414 0.06630718954248366
0 0.28837929170045956 0.6647630718954247 0.04957826439578264 0.0881318082788671
0 0.32399837793998376 0.6872154139433551 0.039161935658286025 0.02056372549019608
0 0.3477453365774533 0.6979166666666666 0.05499324141659908 0.08225490196078432
0 0.4039875642065423 0.6918314270152506 0.07082454717491214 0.0717619825708061
0 0.4846025952960259 0.6947685185185185 0.0454095701540957 0.04742374727668845
0 0.4616882941335496 0.6958197167755991 0.031243579345769126 0.032734204793028326
0 0.4483576642335766 0.7205787037037036 0.029578264395782643 0.030215141612200437
0 0.4425250067585834 0.7040019063180827 0.01791294944579616 0.0415495642701525
0 0.48126926196269265 0.6523828976034858 0.025414977020816437 0.03399237472766884
0 0.45710597458772645 0.6349659586056645 0.04457691267910246 0.04952342047930283
0 0.5114720194647202 0.6123039215686275 0.03666125979994594 0.032734204793028326
0 0.542926466612598 0.5999237472766885 0.06874020005406867 0.03735294117647059
0 0.53272100567721 0.575582788671024 0.051659908083265746 0.028959694989106756
0 0.5123060286563936 0.5271105664488017 0.06748851040821843 0.03608932461873639
0 0.4827264125439308 0.5023502178649237 0.0674912138415788 0.055397603485838776
0 0.48022844011895105 0.4591230936819172 0.020829954041632872 0.024340958605664487
0 0.40919572857529063 0.465838779956427 0.058742903487429034 0.04700435729847494
0 0.2746309813463098 0.47423202614379084 0.10623411732900784 0.12338235294117647
0 0.25088402270884025 0.5464161220043573 0.09040281157069478 0.04196623093681917
0 0.20839145715058124 0.5430582788671023 0.03291159772911598 0.02769607843137255
0 0.2712989997296567 0.5718055555555556 0.04457691267910246 0.023082788671023965
0 0.23317923763179238 0.5671895424836602 0.030829954041632874 0.02140522875816993
