0 0.3952941959531417 0.5990002716653083 0.043431842385516506 0.03223037218147243
0 0.5090575079872205 0.6413026351534908 0.04293929712460064 0.03223308883455583
0 0.6240548455804046 0.40989540885628906 0.03306709265175719 0.02165444172779136
0 0.45970181043663466 0.6173811464276012 0.038003194888178916 0.023667481662591687
0 0.37826677316293933 0.5546821515892421 0.04293929712460064 0.03323825047541429
0 0.5436075612353568 0.3691035044824776 0.030106496272630456 0.02769899483835914
0 0.6299773695420661 0.4315498505840804 0.023197550585729497 0.023670198315675087
0 0.6400945154419595 0.4461545775604456 0.024677848775292863 0.023670198315675087
0 0.647498668796592 0.46227112197772346 0.02961395101171459 0.024678076609616954
0 0.6516946219382321 0.5282436837815812 0.04195154419595314 0.04079054604726977
0 0.6080138445154419 0.5843941863624016 0.10956869009584665 0.08964140179299104
0 0.534475505857295 0.5982450421081229 0.031586794462193826 0.049856017386579736
0 0.48882321618743346 0.6005107307796794 0.01924920127795527 0.038272208638956806
0 0.43157082002129926 0.5886756316218419 0.08143769968051118 0.04079054604726977
0 0.38147497337593184 0.5015525672371638 0.03652289669861555 0.02467535995653355
0 0.3891253993610223 0.44690980711763106 0.03405484558040468 0.028201575658788374
0 0.40269834930777426 0.4683129584352078 0.05330404685835996 0.03071991306710133
0 0.4340388711395101 0.43633523499049176 0.038003194888178916 0.04734039663135017
0 0.4636514909478169 0.39302499320836726 0.023197550585729497 0.02417549578918772
0 0.43132321618743347 0.38597392013039933 0.03454739084132055 0.01813094267861994
0 0.49227768903088387 0.3872330888345558 0.07255324813631522 0.07201575658788371
