0 0.6488146728716124 0.4054249253326093 0.03795236791678072 0.044203095302742336
0 0.4436230495483165 0.5527233233776812 0.034035039693402686 0.03521585663860983
0 0.40089378592937314 0.5203000271517784 0.06954010402408979 0.02671463480857996
0 0.4173008486175746 0.5880600054303556 0.02938406788940597 0.040317675807765414
0 0.4317465097180399 0.6080953027423297 0.03917875718587462 0.025014933478142817
0 0.446438543662743 0.6190252511539506 0.02595674787845606 0.02647298398045072
0 0.4579468929646866 0.6061539505837632 0.02007664932931837 0.02161553081726853
0 0.4914932931836846 0.596439044257399 0.04309608540925267 0.023559598153679064
0 0.4812085956747878 0.5662014661960358 0.031341363263071444 0.028172685310887863
0 0.4682302217355598 0.5743374966060276 0.02154667396660279 0.02161553081726853
0 0.539485354503148 0.592917458593538 0.0514207500684369 0.03934564213956014
0 0.5672762113331509 0.5791949497692099 0.018362989323843417 0.02016019549280478
0 0.5938447851081303 0.5787089329351073 0.03574869969887764 0.025986967146348083
0 0.5926197645770599 0.5873309801792017 0.010774705721324938 0.014086342655443932
0 0.624207500684369 0.5760371979364649 0.03281138790035587 0.03230247081183817
0 0.6186969614015877 0.541915557969047 0.03452504790583082 0.03205810480586478
0 0.6697508896797153 0.5114363290795547 0.04064604434711196 0.025500950312245453
0 0.6709759102107856 0.4876350800977464 0.0377087325485902 0.027928319304914472
0 0.6665672050369559 0.4658973662774911 0.0754174650971804 0.04128699429812653
0 0.6555474952094169 0.4325033939723052 0.06513276758828361 0.05901710562041814
0 0.4090966329044621 0.5428862340483301 0.10553517656720503 0.048574531631821884
0 0.6341240076649329 0.4040890578332881 0.032567752532165345 0.027928319304914472
0 0.6022926361894334 0.408703502579419 0.034035039693402686 0.027442302470811836
0 0.4368888584724884 0.4395479228889492 0.07346016972351492 0.041528645126255766
0 0.4474185600875992 0.5043918001629106 0.023016698603887217 0.03278577246809666
0 0.4763112510265536 0.6161105077382569 0.023993977552696416 0.018216128156394246
0 0.5374035039693402 0.6036030409991854 0.02375307966055297 0.008742872658159111
0 0.6337558171366001 0.5099796361661688 0.03819874076101834 0.016272060819983707
0 0.4104434711196277 0.49334238392614715 0.05778811935395565 0.05731740428998099
0 0.41350533807829176 0.46213412978550095 0.03599507254311525 0.02015748031496063
0 0.43125650150561184 0.4690564756991583 0.036238707911305776 0.016999728482215586
