0 0.428375866851595 0.336472359058566 0.05827739251040222 0.07344280240831966
0 0.2945950069348128 0.4567090859332239 0.020418862690707352 0.025180623973727424
0 0.29714701803051313 0.48167898193760267 0.01531484049930652 0.03147509578544062
0 0.3209680998613037 0.5601587301587302 0.027223300970873787 0.015528188286808978
0 0.3505325936199723 0.6291940339354133 0.01744244105409154 0.028535851122058017
0 0.5430152565880721 0.6975998905309251 0.022968099861303742 0.019304871373836893
0 0.6804119278779474 0.580931855500821 0.034882108183079054 0.0243431855500821
0 0.6638210818307907 0.5591091954022989 0.022970873786407768 0.022662835249042147
0 0.46432038834951456 0.3675287356321839 0.02892371705963939 0.01720853858784893
0 0.47771983356449377 0.29870279146141215 0.030202496532593617 0.022244116037219486
0 0.48686546463245495 0.33311576354679806 0.05104576976421637 0.0768007662835249
0 0.5134507628294036 0.28967980295566503 0.03275450762829404 0.015949644225506293
0 0.529615811373093 0.32849890530925013 0.03360610263522885 0.08435413245758074
0 0.5738543689320388 0.3318568691844554 0.08039667128987517 0.09107006020799124
0 0.6144785020804437 0.350112205801861 0.059553398058252424 0.07134646962233168
0 0.6719042995839113 0.6575218938149973 0.028074895977808597 0.012170224411603722
0 0.657866851595007 0.6503872468527642 0.045941747572815536 0.01888615216201423
0 0.7293300970873787 0.5819813902572523 0.017866851595006932 0.023081554460864805
0 0.7055090152565879 0.5775738916256159 0.034879334257975035 0.015946907498631636
0 0.7267766990291261 0.5679214559386973 0.01191123439667129 0.022662835249042147
0 0.7401775312066574 0.44621647509578544 0.02594729542302358 0.030216201423097975
0 0.674882108183079 0.44957580733442803 0.13441886269070735 0.24592775041050904
0 0.6385117891816919 0.5830295566502463 0.053173370319001385 0.04616310892172961
0 0.70125520110957 0.5975095785440614 0.03317891816920943 0.02727969348659004
0 0.6627586685159501 0.6059031198686371 0.0557253814147018 0.028117131910235356
0 0.587253814147018 0.6130363984674331 0.03998335644937586 0.028957307060755336
0 0.5734285714285714 0.6657060755336617 0.16547018030513175 0.09400656814449918
0 0.4396490984743412 0.68648056923919 0.02381969486823856 0.02056376573617953
0 0.48601386962552007 0.6533251231527094 0.07826907073509017 0.09358511220580186
0 0.34351456310679607 0.5146237000547346 0.09528432732316228 0.07805966064586754
0 0.4171040221914008 0.6631882868089765 0.05189459084604716 0.04112753147235906
0 0.39711234396671297 0.3207348111658456 0.036582524271844656 0.035251778872468525
0 0.39881137309292647 0.34276819923371643 0.028074895977808597 0.028957307060755336
0 0.38115950069348126 0.3668992884510126 0.06337864077669902 0.06211275314723591
0 0.348617198335645 0.3526313628899836 0.01616366158113731 0.027698412698412698
0 0.357124826629681 0.3807484948002189 0.022970873786407768 0.031053639846743294
0 0.377757281553398 0.40089354132457583 0.024246879334257974 0.02014504652435687
0 0.4211442441054091 0.36542966611932126 0.016590846047156726 0.01804597701149425
0 0.32734812760055476 0.4472660098522168 0.058701803051317614 0.04742200328407225
0 0.3545742024965326 0.43656540777230435 0.02467128987517337 0.02350301039956212
0 0.43837170596393904 0.6363286808976464 0.061253814147018026 0.06966338259441708
0 0.3358571428571428 0.4713970990695128 0.06210540915395284 0.017627257799671593
0 0.4071067961165049 0.6035946907498632 0.0693370319001387 0.03944991789819376
0 0.4043425797503467 0.5809318555008212 0.028074895977808597 0.029378762999452652
0 0.37392787794729543 0.5727476737821566 0.05912898751733703 0.06672687465790914
