0 0.47087011884550084 0.3897758095765292 0.06993491794001132 0.10323830611680045
0 0.5470274476513866 0.359350954885137 0.10897849462365591 0.10030168834763355
0 0.4168095642331635 0.422301411569333 0.06478494623655914 0.05497647384445059
0 0.38184069043576685 0.4281760309991697 0.019736842105263157 0.018045945197896485
0 0.39428409734012454 0.45041793523387763 0.03775891341256367 0.02643786327151951
0 0.39364035087719296 0.4791655134237476 0.06307017543859648 0.03525325214503183
0 0.3968590831918506 0.5803072239136452 0.05835314091680815 0.05119845004151674
0 0.4331126202603282 0.6298283974536397 0.09224674589700056 0.08729034043730971
0 0.4989742501414827 0.6545876003321338 0.0514855687606112 0.06630777747024633
0 0.527719298245614 0.65269997232217 0.02316921335597057 0.0356739551619153
0 0.5401627051499717 0.683126210905065 0.025741369552914544 0.039449211181843344
0 0.51184493491794 0.703480487129809 0.03432371250707414 0.02727650152228065
0 0.5208559705715903 0.6808192637697204 0.014586870401810979 0.018045945197896485
0 0.5536771363893604 0.6615125934126764 0.021881720430107526 0.02559922502075837
0 0.5907908885116016 0.6908912261278715 0.06779003961516694 0.07680044284528094
0 0.647211375212224 0.6585759756435096 0.12399830220713072 0.1187683365624135
0 0.7001980758347481 0.6306670357044007 0.027458970005659313 0.04700249100470523
0 0.7130715902659877 0.6602546360365348 0.02145161290322581 0.02643786327151951
0 0.69118986983588 0.6959258234154443 0.015447085455574421 0.01972322169941877
0 0.7147863610639501 0.6812371990035981 0.01716185625353707 0.01384998616108497
0 0.7349518958687039 0.6621436479380017 0.02574419920769666 0.015109327428729589
0 0.733664402942841 0.6226930528646554 0.0901018675721562 0.06546913921948519
0 0.7671307300509338 0.6291987268198174 0.03260894170911149 0.026440631054525324
0 0.7954485002829655 0.5792568502629394 0.10897849462365591 0.12967893717132575
0 0.7390280135823429 0.4886091890395793 0.03303621958121109 0.026440631054525324
0 0.6798189020939446 0.39334348187102136 0.17977362761743068 0.15066150013838916
0 0.7694920769666102 0.4067727650152228 0.028746462931522356 0.039867146415721005
0 0.774854272778721 0.43530999169665097 0.01716185625353707 0.02308054248546914
0 0.4553636106395019 0.5127387212842512 0.030376344086021505 0.07554110157763631
0 0.5598811544991511 0.7068807085524494 0.022139219015280133 0.03877663991143094
