0 0.5489772095608672 0.38626545754328107 0.02210672595886604 0.026716130805166254
0 0.5378015564202334 0.41759549326738116 0.046425792106725955 0.03691673536685903
0 0.5236770428015564 0.43386782082989833 0.032423568649249584 0.02088760648529816
0 0.5698818788215675 0.40766144545204724 0.05625069483046136 0.08208848584776038
0 0.5102904391328517 0.39585875240450674 0.03660088938299055 0.03084363836218741
0 0.4787270705947749 0.43301731244847486 0.035369649805447476 0.026474306128057158
0 0.4202654252362424 0.41261747732893655 0.024071706503613118 0.03133003572410003
0 0.41007365202890494 0.4269455894476505 0.02284324624791551 0.03133003572410003
0 0.4098262923846582 0.44334020335256935 0.034633129516398 0.03885957680681506
0 0.3972998888271262 0.46811211871393243 0.03364924958310172 0.03254190711733993
0 0.42026681489716505 0.49434185215718607 0.04961645358532518 0.05537235504259412
0 0.38845747637576433 0.5160785930200604 0.028738187882156756 0.02695795548227535
0 0.4076167315175097 0.5561514152239626 0.018913285158421344 0.03375927452596867
0 0.409580322401334 0.5223935147018411 0.027265147304057807 0.023072272602363286
0 0.4304599777654253 0.5285861500412201 0.0257893274041134 0.02622973344325364
0 0.4335311284046693 0.5528716680406704 0.024071706503613118 0.03303105248694697
0 0.41474013340744864 0.5886933223413024 0.01989716509171762 0.02501511404231932
0 0.4255475264035576 0.584686727122836 0.01940522512506948 0.017485572959604286
0 0.4496192329071706 0.5642868920032976 0.016459143968871597 0.02428689200329761
0 0.4620233463035019 0.6205097554273151 0.06632017787659811 0.06095905468535312
0 0.4357420789327404 0.6457680681505907 0.024563646470261255 0.018213794998625996
0 0.4292315175097276 0.631681780708986 0.01989716509171762 0.018213794998625996
0 0.4379516397998888 0.6144380324264908 0.019160644802668148 0.02550151140423193
0 0.47835881045025014 0.6619194833745534 0.026284046692607 0.023800494641384996
0 0.49972901612006665 0.6432179170101676 0.02677320733740967 0.04371530640285793
0 0.5016939966648138 0.6105523495465787 0.020386325736520286 0.016757350920582576
0 0.5137298499166203 0.6503819730695246 0.018916064480266816 0.03861500412201154
0 0.5261339633129516 0.6256100577081617 0.03979433018343524 0.01870019236053861
0 0.5347317954419122 0.6576683154712833 0.024071706503613118 0.03278647980214345
0 0.574769316286826 0.6089749931299807 0.04028349082823791 0.02428689200329761
0 0.6509157865480822 0.5652583127232756 0.09186492495831017 0.07771640560593569
0 0.6431795441912173 0.5134061555372355 0.02087826570316843 0.02841714756801319
0 0.664302390216787 0.5022341302555647 0.03512506948304613 0.02695795548227535
0 0.6647943301834351 0.48171200879362464 0.046425792106725955 0.03157460840890355
0 0.6920594774874931 0.4829266281945589 0.029232907170650364 0.03108546303929651
0 0.6857962757087271 0.4631327287716405 0.0216147859922179 0.016757350920582576
0 0.6693385214007781 0.4617971970321517 0.03143968871595331 0.01942841439956032
0 0.643916064480267 0.4701772464962902 0.026281267370761533 0.028900796922231384
0 0.6286867704280156 0.4826834295136026 0.030214007782101166 0.023316845287166803
0 0.6181239577543081 0.4389681231107447 0.048882712618121174 0.030599065677383894
0 0.4495761534185659 0.4664358340203352 0.02217620900500278 0.030524869469634515
0 0.445822679266259 0.4899629018961253 0.02012784880489161 0.02293762022533663
0 0.4653543635352974 0.46711046990931576 0.012793218454697055 0.01905743336081341
0 0.44812673707615347 0.44628194558944767 0.017909949972206782 0.016526518274251167
0 0.528212896053363 0.39745671887881284 0.024563646470261255 0.01264907941742237
0 0.5546525847693162 0.370553723550426 0.06106725958866037 0.040140148392415496
0 0.6066787103946637 0.377047265732344 0.01569205113952196 0.017034899697719152
0 0.5920956086714841 0.3736740862874416 0.02507504168982768 0.017708161582852433
0 0.6554641467481934 0.4135627919758176 0.018082267926625904 0.02462489694971146
0 0.6811367426347971 0.44122286342401756 0.01859366314619233 0.021588348447375654
0 0.6719219010561422 0.5334666117065128 0.028657587548638133 0.04331134927177797
