0 0.5992193877551021 0.35146173469387754 0.1688265306122449 0.08789285714285715
0 0.5300357142857144 0.3405841836734694 0.04264285714285714 0.03829081632653061
0 0.5121938775510204 0.28141071428571424 0.06787755102040816 0.03306632653061225
0 0.5126301020408163 0.31186989795918374 0.08266836734693878 0.041770408163265306
0 0.48043367346938776 0.3040382653061225 0.03393877551020408 0.026107142857142857
0 0.44692857142857145 0.32492091836734693 0.04873469387755102 0.041770408163265306
0 0.41733928571428575 0.33884693877551025 0.029586734693877553 0.036551020408163264
0 0.3851428571428571 0.3592984693877551 0.03480612244897959 0.060045918367346934
0 0.4095076530612245 0.3858392857142857 0.03829081632653061 0.05743367346938775
0 0.45084438775510205 0.3575561224489796 0.05656632653061225 0.026979591836734696
0 0.4860867346938775 0.34015051020408166 0.05221428571428571 0.035678571428571434
0 0.5091505102040816 0.36669387755102034 0.044382653061224485 0.04698979591836734
0 0.48173724489795916 0.3575561224489796 0.017403061224489796 0.02523469387755102
0 0.34250255102040816 0.3867091836734694 0.06265816326530613 0.04873469387755102
0 0.38122448979591833 0.41411989795918364 0.05830612244897959 0.05656632653061225
0 0.3037755102040816 0.43457142857142855 0.04786734693877551 0.05743877551020408
0 0.3564234693877551 0.47938775510204085 0.06787755102040816 0.0791938775510204
0 0.2763622448979592 0.48025765306122453 0.06439795918367347 0.07918877551020409
0 0.32292091836734693 0.5176785714285714 0.03915816326530612 0.05308163265306123
0 0.2976836734693878 0.5268163265306122 0.028714285714285716 0.0626530612244898
0 0.33815051020408166 0.5912117346938776 0.06613775510204081 0.14271938775510204
0 0.3512015306122449 0.6821505102040817 0.05743367346938775 0.08093367346938775
0 0.44214285714285717 0.7308826530612245 0.13314285714285715 0.114
0 0.37295918367346936 0.7369744897959183 0.06962244897959184 0.04960204081632653
0 0.379484693877551 0.777875 0.07744897959183675 0.08789285714285715
0 0.4987066326530612 0.7935408163265307 0.06700510204081633 0.10704081632653062
0 0.5430892857142857 0.800936224489796 0.0965969387755102 0.12183163265306123
0 0.6170586734693877 0.750030612244898 0.0409030612244898 0.06526530612244898
0 0.5796377551020407 0.7587321428571429 0.07396938775510203 0.10355612244897959
0 0.5765918367346939 0.826609693877551 0.059173469387755105 0.06700510204081633
0 0.6057448979591836 0.8253035714285715 0.03393877551020408 0.05743367346938775
0 0.6327219387755102 0.8026785714285715 0.035678571428571434 0.04873469387755102
0 0.6788443877551019 0.7548163265306123 0.10530102040816326 0.10965306122448978
0 0.6744923469387756 0.6751887755102042 0.02349489795918367 0.03741836734693878
0 0.7388903061224489 0.7086938775510204 0.10878061224489796 0.10094897959183674
0 0.7075637755102041 0.6238469387755101 0.05308673469387755 0.13662244897959183
0 0.718875 0.5994795918367347 0.032198979591836735 0.09137755102040816
0 0.7236632653061223 0.5381275510204082 0.07658163265306123 0.15664285714285714
0 0.7401964285714285 0.6395102040816327 0.03133163265306122 0.04264285714285714
0 0.6988622448979592 0.3592984693877551 0.1383673469387755 0.1000765306122449
0 0.7406301020408164 0.41325 0.1314030612244898 0.07744897959183675
0 0.7375867346938775 0.4441428571428571 0.04698979591836734 0.03307142857142857
0 0.7166989795918367 0.4737321428571428 0.019142857142857145 0.043515306122448985
