0 0.540952189094816 0.42953532097770614 0.05712328767123288 0.04546333601933924
0 0.5520265914585013 0.38858850389470856 0.020400214880472736 0.03526457158205748
0 0.5370171904378189 0.39558286328229925 0.01661294654848241 0.022441579371474618
0 0.5278364222401289 0.40694735428417944 0.029726027397260275 0.03176739188826215
0 0.5817526188557615 0.4296817082997583 0.0746091861402095 0.058579102874026324
0 0.6301316142895514 0.42924388933655655 0.04896051571313457 0.05246038141283911
0 0.6604418479720655 0.4392989524576954 0.02739457426806339 0.033515981735159815
0 0.6486395380069837 0.4757279076013967 0.07373354821380607 0.05916465216223476
0 0.6308608648939028 0.5123032500671502 0.03934192855224281 0.02681439699167338
0 0.6556325543916197 0.527604082728982 0.09763094278807413 0.048670427074939564
0 0.6884206285253827 0.544508460918614 0.04080042976094547 0.03176739188826215
0 0.6565068493150685 0.5519392962664518 0.02943593875906527 0.04080042976094547
0 0.6272172978780552 0.574962395917271 0.04604888530754767 0.06586355089981198
0 0.6652497985495568 0.5705909213000269 0.02943593875906527 0.03147461724415794
0 0.5931197958635509 0.6148898737577223 0.037305936073059355 0.060034918076819765
0 0.6173086220789685 0.6213013698630137 0.02797743755036261 0.023897394574268063
0 0.6321729787805533 0.6035240397528875 0.02797743755036261 0.020983078162771958
0 0.5667432178350793 0.640245769540693 0.05041901692183723 0.08626645178619394
0 0.5349785119527263 0.6584595756110663 0.04225893096964814 0.07606500134300295
0 0.49854687080311577 0.644034380875638 0.05333333333333334 0.09617512758528068
0 0.5113712060166532 0.6609401020682245 0.010198764437281762 0.02389470856835885
0 0.4730472737040021 0.6642882084340586 0.06120064464141821 0.06907064195541229
0 0.44040558689229115 0.65744023636852 0.034391619661563254 0.04371743217835079
0 0.46328364222401286 0.6280056406124094 0.020110126242277735 0.019234488315874296
0 0.48222669889873754 0.6333964544721997 0.022438893365565406 0.02069030351866774
0 0.46372011818426 0.6029411764705882 0.025645984421165727 0.029728713403169488
0 0.4380741337630943 0.6284421165726565 0.03963470319634703 0.04167606768734891
0 0.43676201987644375 0.6073126510878324 0.022441579371474618 0.023317217297878057
0 0.4102417405318292 0.6275664786462531 0.030018802041364492 0.0440075208165458
0 0.47389202256244967 0.43626645178619394 0.0577061509535321 0.061493419285522426
0 0.43425597636314806 0.46905318291700243 0.029145850120870266 0.02622884770346495
0 0.4482460381412839 0.4804203599247918 0.02797743755036261 0.035554660220252485
0 0.4467875369325813 0.5117499328498523 0.015154445339779749 0.02943593875906527
0 0.42565807144775714 0.5117499328498523 0.030601665323663714 0.01777867311308085
0 0.4075906526994359 0.5015484824066613 0.052167606768734893 0.05391619661563255
0 0.38092264302981466 0.5489081385979049 0.04604619930163847 0.027980123556271823
0 0.4064249261348375 0.5340451248992748 0.04167606768734891 0.03905452591995703
0 0.43629734085414984 0.5276322857910287 0.023897394574268063 0.013405855492882084
0 0.43498522696749936 0.5446817082997583 0.02419016921837228 0.02885307547676605
0 0.4494104217029277 0.5589618587160892 0.02273166800966962 0.030601665323663714
0 0.44241606231533703 0.5803840988450176 0.054791834542036 0.03264034380875638
0 0.4545111469245232 0.43174993284985225 0.0247730325006715 0.032347569164652167
0 0.4699462798818157 0.4691055600322321 0.013290357238785924 0.013639538006983616
