0 0.45950433369447446 0.6951959226899657 0.060465872156013005 0.05001059041567381
0 0.41961267605633806 0.6605732062483451 0.04794149512459372 0.08848027535080752
0 0.389737269772481 0.6408141382049245 0.045438786565547125 0.04336510458035478
0 0.3886646803900325 0.5664958962139264 0.056170097508125676 0.049311622981202015
0 0.34859290357529793 0.5867805136351602 0.046151137594799566 0.039518136086841404
0 0.39152627302275195 0.5276767275615567 0.03541982665222102 0.04021975112523166
0 0.36326110509209103 0.537993116229812 0.031126760563380283 0.04406671961874504
0 0.41227789815817983 0.5789118347895156 0.022540628385698806 0.023081810961080224
0 0.39832475622968583 0.4704964257347101 0.06761917659804983 0.09652369605507016
0 0.40798483206933917 0.4344757744241462 0.060465872156013005 0.08743182419909983
0 0.4398266522210184 0.41559041567381516 0.04972914409534128 0.11191157002912364
0 0.451453141928494 0.3750211808313476 0.019320151679306608 0.029375165475244904
0 0.4607556879739978 0.41821286735504365 0.015027085590465871 0.036722266348954195
0 0.4641549295774648 0.4484630659253376 0.013954496208017336 0.01888535875033095
0 0.5017226435536295 0.3781691818903892 0.03041170097508126 0.052456976436325124
0 0.5188949079089924 0.4099947047921631 0.06905200433369447 0.07624040243579559
0 0.5629022210184182 0.42660577177654224 0.07549024918743229 0.09757479481069632
0 0.6144217226435537 0.38866163621922156 0.032559588299024916 0.02657929573735769
0 0.5868729685807151 0.4523100344188509 0.05974810400866739 0.04826317182949431
0 0.6224715601300109 0.4491633571617686 0.029336403033586134 0.03986761980407731
0 0.6485888407367281 0.4605295207836908 0.022898158179848322 0.019936457505957107
0 0.6160319609967497 0.49217897802488747 0.06797941495124593 0.06784749801429706
0 0.6476963705308776 0.5822332539052159 0.026833694474539545 0.03392374900714853
0 0.6659425785482125 0.5582777336510458 0.022540628385698806 0.019584326184802752
0 0.5044054712892742 0.6995671167593328 0.04579360780065005 0.035671167593328036
0 0.5967131635969665 0.5355454064072015 0.026476164680390032 0.036370135027799844
0 0.3636755146262189 0.5017169711411172 0.018808234019501626 0.02799841143764893
