0 0.4935688456189151 0.40869655172413794 0.0483115438108484 0.05105931034482759
0 0.5094381084840056 0.38718896551724136 0.04196383866481224 0.016435862068965516
0 0.5466425591098748 0.40030344827586206 0.05642280945757997 0.02448
0 0.6050055632823366 0.39995310344827584 0.031385257301808064 0.030775172413793104
0 0.6173477051460361 0.40310206896551726 0.04690125173852573 0.03987034482758621
0 0.48351738525730176 0.6129379310344827 0.07687621696801113 0.07833931034482759
0 0.4325618915159945 0.5274303448275862 0.04196383866481224 0.03392275862068966
0 0.4526620305980528 0.5186855172413793 0.013045897079276773 0.028328275862068965
0 0.44349374130737135 0.5517351724137931 0.024333796940194715 0.021682758620689652
0 0.430798331015299 0.5844344827586206 0.03279554937413074 0.030424827586206897
0 0.584375521557719 0.576391724137931 0.09450904033379694 0.035321379310344826
0 0.5951293463143256 0.5552331034482759 0.0299749652294854 0.013291034482758621
0 0.6148776077885951 0.5389710344827586 0.018689847009735742 0.02413241379310345
0 0.6229888734353268 0.5311006896551724 0.022216968011126565 0.027977931034482758
0 0.6397399165507649 0.5248068965517241 0.021866481223922114 0.033575172413793104
0 0.6367426981919332 0.4719986206896552 0.018692628650904035 0.02378206896551724
0 0.6600166898470097 0.4775931034482759 0.033502086230876214 0.014689655172413793
0 0.43807649513212793 0.46491862068965517 0.01819471488178025 0.0318951724137931
0 0.41099304589707925 0.5981655172413792 0.028350486787204452 0.02476137931034483
0 0.5076884561891516 0.6082372413793103 0.015232267037552155 0.023922758620689655
0 0.6668011126564674 0.5154896551724137 0.0203115438108484 0.021401379310344828
