0 0.7041164036076663 0.4932707924950994 0.08574689966178128 0.047420890506860824
0 0.7005256482525367 0.4676701204144497 0.03294532130777903 0.03651078129375525
0 0.6692686020293123 0.47522542705124615 0.03294532130777903 0.018885466255950712
0 0.6696913754227735 0.48991318958274993 0.04815388951521984 0.023920470456454776
0 0.6498393461104847 0.509008681041725 0.03125704622322435 0.02350042005040605
0 0.6916558624577226 0.5373368804256511 0.1140445321307779 0.04406608793055167
0 0.7022153325817362 0.5713301596191543 0.0481510710259301 0.024760571268552228
0 0.7250253664036076 0.5870666479977598 0.024498308906426156 0.010072808737048446
0 0.7387528184892896 0.5931531783814057 0.016474069898534387 0.028955474656958836
0 0.6838416009019166 0.5998669840380846 0.11869222096956032 0.04742369084290115
0 0.7070729988726043 0.6202226267152059 0.05786640360766629 0.04028843461215346
0 0.6658906426155581 0.6271464575749089 0.06758173618940248 0.05329599551946233
0 0.6126677001127395 0.6655460655278633 0.09630496054114994 0.0839344721366564
0 0.5776113303269448 0.6754088490618874 0.05322153325817362 0.06672920750490059
0 0.5497322435174746 0.6483394007280875 0.020276211950394588 0.03861103332399888
0 0.5123506200676438 0.6428829459535145 0.030834272829763247 0.02098291795015402
0 0.495032412626832 0.6584122094651358 0.032522547914317926 0.05455614673760851
0 0.4506806651634723 0.62525763091571 0.06462514092446449 0.056233548025763094
0 0.48954199549041716 0.6300840100812096 0.023232807215332583 0.03063567628115374
0 0.37612880496054113 0.6086810417250069 0.03463641488162345 0.019725567068048164
0 0.339804114994363 0.6061621394567348 0.03379086809470124 0.028118174180901706
0 0.3490966741826381 0.5511859423130775 0.028723224351747463 0.028118174180901706
0 0.38689966178128526 0.5606286754410529 0.060400225479143185 0.0352534304116494
0 0.39302423900789174 0.5251666199943994 0.09377113866967306 0.049941192943153176
0 0.4870081736189402 0.4376645197423691 0.028300450958286358 0.03525063007560907
0 0.6508962795941375 0.4345169420330439 0.08743517474633597 0.07763651638196584
0 0.6580749718151071 0.44794735368244193 0.03674746335963923 0.03651078129375525
0 0.6346321871476888 0.47081909829179497 0.027032130777903042 0.021823018762251473
0 0.6048548478015784 0.40451134136096334 0.04097237880496054 0.036930831699803976
0 0.5286133032694476 0.4074488938672641 0.04899661781285231 0.036930831699803976
