0 0.4601008685906416 0.4804281009879253 0.11183524796861866 0.08855104281009879
0 0.4922359204258896 0.43531147091108674 0.030423087699635754 0.01846597145993414
0 0.4562440459512468 0.4420279912184413 0.05013449145418885 0.025181119648737652
0 0.42989072569347153 0.5372928100987925 0.059988792378817594 0.05623765093304062
0 0.4236789016531241 0.519456641053787 0.014995797142056599 0.03818880351262349
0 0.40568226393947887 0.532467069154775 0.02785093863827403 0.025598243688254665
0 0.42989212664611937 0.5595362239297474 0.05313253012048193 0.06798572996706916
0 0.5038063883440739 0.5605845225027443 0.07241524236480806 0.04993962678375411
0 0.4748823199775848 0.5807285949506038 0.03170916223031662 0.0423847420417124
0 0.4466040907817315 0.6040203073545554 0.02399551695152704 0.03273326015367728
0 0.42624964976183805 0.5907999451152579 0.01585598206780611 0.03483260153677278
0 0.4519585318016251 0.5555488474204171 0.020997478285233958 0.03818880351262349
0 0.5925035023816195 0.6258438529088913 0.05956010086859064 0.07470087815587266
0 0.6552773886242644 0.5752730515916575 0.029994396189408797 0.02812019758507135
0 0.6370664051555057 0.5727552140504939 0.008142336789016531 0.026437980241492867
0 0.6244270103670496 0.5870238748627882 0.012855141496217429 0.022242041712403952
0 0.6182137853740544 0.604230241492865 0.022709442420846174 0.020562568605927554
0 0.6479938358083497 0.615351262349067 0.03685065844774447 0.02350164654226125
0 0.677773886242645 0.5226042810098792 0.03299243485570188 0.06798572996706916
0 0.6886999159428412 0.5477854006586169 0.019708601849257497 0.026020856201975848
0 0.6569921546651724 0.43741081229418227 0.04970299803866629 0.057077387486278816
0 0.62678341272065 0.40173847420417125 0.049274306528439345 0.01846597145993414
0 0.5910044830484729 0.3918756860592755 0.032566545250770525 0.012170691547749727
0 0.5502970019613337 0.3981723380900109 0.04627626786214626 0.01636663007683864
0 0.4943793779770244 0.4063542810098793 0.028708321658727932 0.029377058177826564
0 0.6700616419165033 0.5572269484083424 0.03128047072008966 0.020562568605927554
0 0.6869865508545812 0.465319703622393 0.04113477164471841 0.022242041712403952
0 0.6818478565424488 0.48341794731064763 0.037609974782852336 0.01882272228320527
0 0.7172793499579714 0.4528128430296378 0.017567946203418325 0.018885839736553237
0 0.5420285794340152 0.4160922063666301 0.03213785374054357 0.012590559824368826
0 0.563237601569067 0.40895718990120744 0.03170916223031662 0.010911086717892425
0 0.5263869431213225 0.40727771679473107 0.0402773886242645 0.013430296377607025
