0 0.3146403061224489 0.22737500000000002 0.04773979591836734 0.041698979591836736
0 0.3246122448979592 0.2563852040816326 0.04230612244897959 0.04411734693877551
0 0.35906122448979594 0.2545714285714286 0.059224489795918364 0.024775510204081634
0 0.3064821428571428 0.26726275510204084 0.033841836734693875 0.046535714285714284
0 0.30588010204081634 0.3083571428571429 0.06889285714285714 0.08883673469387755
0 0.23909948979591836 0.2983826530612245 0.035658163265306124 0.043510204081632656
0 0.2575331632653061 0.37090306122448974 0.022964285714285715 0.05680612244897959
0 0.2871454081632653 0.3718112244897959 0.033841836734693875 0.023571428571428573
0 0.3001377551020408 0.36334948979591836 0.023571428571428573 0.03686224489795918
0 0.4185841836734694 0.29868622448979587 0.06103571428571428 0.03686224489795918
0 0.37205102040816324 0.28357653061224486 0.0453265306122449 0.029612244897959182
0 0.23849744897959185 0.5029489795918367 0.04411734693877551 0.0453265306122449
0 0.27294132653061226 0.5431377551020408 0.08279081632653061 0.09185714285714286
0 0.28472704081632655 0.6180739795918367 0.061637755102040816 0.043515306122448985
0 0.2868418367346938 0.586344387755102 0.06466326530612244 0.041698979591836736
0 0.3584540816326531 0.6658163265306123 0.1776734693877551 0.1293265306122449
0 0.4439668367346939 0.6250255102040816 0.04411734693877551 0.018734693877551018
0 0.4527295918367347 0.6534285714285715 0.03505102040816327 0.042908163265306117
0 0.43399489795918367 0.6866658163265306 0.0664795918367347 0.05499489795918368
0 0.4001530612244898 0.7268520408163266 0.07130612244897959 0.05076530612244898
0 0.4835510204081633 0.6818290816326532 0.07614285714285715 0.16377040816326532
0 0.5606020408163265 0.5842321428571429 0.030816326530612243 0.02538265306122449
0 0.5409617346938774 0.5893673469387755 0.014505102040816327 0.03323469387755102
0 0.5751071428571429 0.4972091836734694 0.03203061224489796 0.059224489795918364
0 0.563625 0.5443469387755102 0.03323979591836735 0.04109183673469388
0 0.5445892857142857 0.5546198979591835 0.03626020408163265 0.05197448979591837
0 0.5871938775510204 0.45490561224489795 0.07070408163265307 0.08460714285714287
0 0.5862857142857142 0.3893341836734694 0.054387755102040816 0.03082142857142857
0 0.5415663265306122 0.36999744897959186 0.043510204081632656 0.035658163265306124
0 0.449405612244898 0.2859974489795919 0.039280612244897956 0.03082142857142857
0 0.4222117346938775 0.2678673469387755 0.032025510204081634 0.018734693877551018
