0 0.675234708392603 0.43937935843793585 0.020330014224751065 0.016437935843793584
0 0.6077411095305831 0.4018591352859135 0.04622475106685633 0.04364574616457462
0 0.5863385490753912 0.42599023709902367 0.01883357041251778 0.02308228730822873
0 0.5745689900426743 0.41843654114365414 0.015834992887624466 0.019723849372384937
0 0.5955419630156472 0.4299790794979079 0.03038975817923186 0.023500697350069735
0 0.626724039829303 0.4208437935843794 0.03388620199146515 0.027629009762900975
0 0.6415263157894737 0.4112259414225941 0.023541963015647226 0.03007810320781032
0 0.6110298719772403 0.44357601115760115 0.03887908961593172 0.021333333333333336
0 0.6431322901849217 0.4420013947001395 0.04601422475106686 0.02098465829846583
0 0.626366998577525 0.4621115760111576 0.036739687055476526 0.017835425383542537
0 0.6509800853485063 0.44987029288702923 0.03031863442389758 0.010842398884239888
0 0.6529416785206259 0.47120362622036266 0.06848364153627312 0.039517433751743374
0 0.644379800853485 0.5004058577405858 0.018546230440967284 0.02587726638772664
0 0.6668520625889047 0.5035536959553696 0.0249701280227596 0.014688981868898186
0 0.6254765291607397 0.4923626220362622 0.020688477951635847 0.022382147838214784
0 0.5742901849217639 0.5734993026499302 0.060278805120910384 0.027277545327754536
0 0.5983669985775248 0.59465829846583 0.03994879089615931 0.036022315202231515
0 0.5719715504978663 0.6046248256624825 0.03638122332859175 0.031475592747559275
0 0.585524893314367 0.6285801952580196 0.032102418207681366 0.02902649930264993
0 0.5348762446657184 0.6175648535564853 0.07133997155049786 0.07554253835425383
0 0.48119487908961595 0.6159902370990238 0.05029302987197724 0.04861087866108787
0 0.5091948790896159 0.6018270571827057 0.01712091038406828 0.018186889818688982
0 0.5102645803698436 0.6570836820083682 0.030674253200568987 0.028677824267782426
0 0.46121906116642963 0.5944825662482567 0.028890469416785206 0.02028451882845188
0 0.41806116642958746 0.4657824267782427 0.018904694167852062 0.03567085076708507
0 0.3850668563300142 0.4874672245467225 0.014981507823613086 0.031475592747559275
0 0.3784665718349929 0.4719023709902371 0.021758179231863444 0.02902649930264993
0 0.43464580369843525 0.4325592747559274 0.03353058321479374 0.032873082287308224
0 0.530773826458037 0.39566387726638774 0.043874822190611666 0.03322454672245467
0 0.5573470839260313 0.40300697350069736 0.033527738264580366 0.02902649930264993
0 0.605145092460882 0.5241882845188285 0.025681365576102417 0.04756206415620641
0 0.4770924608819346 0.39059274755927476 0.027106685633001424 0.01398884239888424
0 0.545398293029872 0.37048256624825665 0.018193456614509246 0.027626220362622037
