0 0.6249311183144246 0.40945683930942894 0.027144786601836845 0.021654714475431606
0 0.6044448946515396 0.39762151394422307 0.029192328471096703 0.027195219123505976
0 0.5644948676391139 0.37798140770252325 0.03226904376012966 0.07554316069057106
0 0.5857509454349 0.6234900398406374 0.05941112911939492 0.05086321381142098
0 0.5096920583468396 0.6043519256308101 0.028168557536466774 0.01863213811420983
0 0.5296663965424095 0.6365830013280213 0.060948136142625606 0.07604515272244355
0 0.43030388978930306 0.6302868525896413 0.06914370610480822 0.05640371845949536
0 0.38395191788222577 0.5975537848605578 0.03892490545650999 0.022156706507304117
0 0.37703808752025936 0.5804316069057106 0.04353592652620205 0.0241726427622842
0 0.42211102106969206 0.5597822045152723 0.04046191247974068 0.033237715803452854
0 0.4958630470016207 0.3802483399734396 0.06709616423554834 0.0931660026560425
0 0.4374756888168557 0.3548154050464808 0.030218800648298218 0.02014342629482072
0 0.4715356564019449 0.38503187250996024 0.04097514856834144 0.06043293492695883
0 0.42928011885467315 0.40970916334661356 0.07426526202052945 0.06043293492695883
0 0.4113546731496488 0.4482337317397078 0.09885197190707726 0.045827357237715804
0 0.39624527282549976 0.5250345285524568 0.11575364667747164 0.06144223107569721
0 0.4354267963263101 0.5852151394422311 0.09372771474878444 0.08007171314741036
0 0.6828079416531604 0.5270491367861886 0.029192328471096703 0.018130146082337317
0 0.6769165316045381 0.5043864541832669 0.019462452728254996 0.025181938911022578
0 0.6633454889249054 0.4852496679946879 0.04353592652620205 0.04129349269588314
0 0.6364559697460832 0.4663652058432935 0.03277687736358725 0.024677290836653386
0 0.6144313884386818 0.4358964143426295 0.02458400864397623 0.030215139442231077
