0 0.46570293884034947 0.4760130981021117 0.017558909187185594 0.02938519112536755
0 0.44934604183214194 0.48755012028869293 0.022372253110934603 0.04517241379310345
0 0.47761053746359544 0.48694333066025125 0.013468361133174477 0.0274445335471799
0 0.47845247550966374 0.5104998663458968 0.02285146942017474 0.025501202886928632
0 0.4649814667725708 0.5215503875968992 0.01467566851998941 0.021373964180700346
0 0.514054805401112 0.6225821972734563 0.027182949430765158 0.03788826516974071
0 0.492765422292825 0.616875167067629 0.013950225046333068 0.028414862336273723
0 0.6775072809107758 0.6199117882919005 0.03463860206513106 0.02282812082330928
0 0.5969234842467567 0.4603488372093023 0.04618480275350807 0.03594493450948944
0 0.6451535610272703 0.5013926757551457 0.027664813343923747 0.021373964180700346
0 0.6385385226370136 0.6126249665864741 0.023092401376754036 0.014087142475273992
0 0.6557373576912895 0.6279256883186314 0.021890389197776014 0.023314621758887998
0 0.5668546465448768 0.6284108527131783 0.02646015356102727 0.008743651430098904
0 0.5502554937781308 0.6366680032076983 0.02838496160974318 0.011657310879443999
0 0.5034458564998676 0.44563218390804593 0.04810961080222399 0.05051590483827853
0 0.49096108022239876 0.466299117882919 0.028144029653163885 0.02161721464848971
