0 0.608490016638935 0.567829532814238 0.04498890737659456 0.05665461624026696
0 0.5821589018302828 0.6056006674082313 0.04603716028840821 0.02867630700778643
0 0.5175152523571824 0.6202906006674083 0.02542983915696062 0.020442157953281425
0 0.5512936772046588 0.43196190211345936 0.024761508596783142 0.010141824249165739
0 0.564896006655574 0.4254908231368187 0.028250138657792568 0.016087319243604004
0 0.4512007764836384 0.46343715239154615 0.032434830837493066 0.036023359288097884
0 0.4810191347753744 0.4398289766407119 0.027201885745978927 0.03077586206896552
0 0.62017332224071 0.4454254727474972 0.021622296173044925 0.020984427141268074
0 0.628481697171381 0.5289613459399333 0.024273433166943983 0.013011679644048943
0 0.5896561286744314 0.44892241379310344 0.041503050471436494 0.024479977753058955
0 0.5533860232945091 0.6148679087875417 0.03592346089850249 0.022733592880978867
0 0.6498169717138104 0.4884413236929922 0.09974486966167499 0.05385706340378198
0 0.65568358291736 0.5119646829810901 0.02929284525790349 0.01006952169076752
0 0.627434830837493 0.5159510567296997 0.02636716583471991 0.013008898776418244
